Date of measurement: 11-58_20260901
Nr of camera grabs per point: 3000
Camera exposure time per point: 30.0 [µsec]
Length of measurement : 240.0 [mm] 
Nr of measurement points + 1: 241
Stepsize of measurement: 1.0[mm]
Laser intensity preset: 29.72[mW]
Slope RMS: 1.453 [µrad]
Height RMS: 0.036 [µm]
Radius from fit: 87.8951978409148 [m]
	X position		Y Position		Centroid X		Centroid Y		Raw Slope[rad]		Slope Error[rad]		Height [µm]		

564714.1599999999		2292.0		127.30694860733631		1174.0138407597544		0.003996732859803557		2.057295749842772e-06		0.0
565714.1799999999		2292.0		127.50208688677819		1169.6587549707265		0.0040086056661222235		2.5526886879741195e-06		0.0023050383187528667
566714.2		2292.0		127.20148205919301		1166.2299780356518		0.004017953172137764		5.22781322978734e-07		0.0038428040789294316
567714.1799999999		2292.0		126.72843669358767		1162.4315032059963		0.0040283085425067856		-4.988066010999659e-07		0.0038547912001215966
568714.1799999999		2292.0		127.36576686889026		1157.881280581001		0.004040713316889301		5.287819445963862e-07		0.0038697788718698068
569714.1799999999		2292.0		128.02909356208394		1154.0442846199528		0.004051173695542895		-3.880252386276317e-07		0.003940157224854184
570714.1599999999		2292.0		127.90439730066112		1149.8578512646727		0.004062586702756153		-3.519763184713781e-07		0.0035701638463202564
571714.1599999999		2292.0		128.88408034185986		1144.609436614672		0.004076894865368995		2.5790004575532155e-06		0.004683675915861175
572714.1599999999		2292.0		128.67482465639333		1140.659609739025		0.004087662829772278		1.9697790240181395e-06		0.006958065656646853
573714.1799999999		2292.0		128.79980348744064		1136.8059470773271		0.004098168628946734		1.098164817938535e-06		0.008492068257063638
574714.24		2292.0		129.13254828367354		1132.090535019168		0.004111023711885172		2.5753792884065582e-06		0.010328950516559477
575714.34		2292.0		129.12241508027662		1127.5368581059215		0.004123437869831227		3.6112136790602753e-06		0.013422556329941195
576714.34		2292.0		130.0230136033027		1123.4356972972073		0.0041346183815802375		3.4145395912529505e-06		0.016935432965097807
577714.34		2292.0		129.58994519406068		1119.448596295772		0.004145487941544811		2.9069137190071426e-06		0.020096159620227854
578714.34		2292.0		129.04980905631626		1115.03211447484		0.0041575280668712305		3.5698532086089405e-06		0.023334543084035896
579714.2799999999		2292.0		129.1999960766039		1111.3715036800997		0.004167507547912871		2.1728310445820465e-06		0.026205712930103632
580714.34		2292.0		129.72136648462723		1107.1163681229618		0.004179107805827466		2.3952204912074115e-06		0.028489875739544562
581714.3799999999		2292.0		129.80284053268255		1102.8427763630452		0.0041907583741118935		2.6681478513847223e-06		0.03102166117820728
582714.3799999999		2292.0		129.77347712945098		1098.8755955271324		0.0042015736078582595		2.1061957609317533e-06		0.03340883298436552
583714.3999999999		2292.0		129.97348709316128		1094.9309835156798		0.0042123273111156		1.4824856377371881e-06		0.03520320957051401
584714.4500781249		2292.0		130.29096528203377		1091.1668825514812		0.004222588906007411		3.6632494459544473e-07		0.03612766115416402
585714.5599999999		2292.0		130.2774912703863		1087.0261353300775		0.004233877300094576		2.7628259334239874e-07		0.03644900024144569
586714.5399999999		2292.0		130.76922936620372		1082.4120923465314		0.0042464559753174124		1.4779995230777485e-06		0.037326123756834584
587714.5599999999		2292.0		130.15518474148516		1078.2939224918302		0.004257682810514895		1.3274213400251214e-06		0.038728862242594676
588714.48		2292.0		130.43163437228563		1074.3007969873001		0.004268568749332646		8.370844958235923e-07		0.039811028580285644
589714.46		2292.0		131.3915313368236		1069.6102312290882		0.004281356023652962		2.247400523037839e-06		0.04135324024486614
590714.5		2292.0		130.98635867971754		1065.6152836533179		0.0042922469209280036		1.7606568738278566e-06		0.043357349104447
591714.5199999999		2292.0		130.83544439183487		1061.770671001763		0.004302727976133946		8.642986992369456e-07		0.04466985314053501
592714.58		2292.0		131.144986013714		1057.4624010849343		0.00431447303386992		1.2314879672412418e-06		0.045717809347374155
593714.58		2292.0		131.1542054088235		1053.3602845504083		0.0043256560788981924		1.037347158695627e-06		0.04685222691034259
594714.5599999999		2292.0		131.19656595156036		1048.9713758161008		0.0043376209618867425		1.625271854144121e-06		0.04818350979057231
595714.5599999999		2292.0		131.1326232635125		1044.8935596863214		0.004348737751106227		1.3648752368103367e-06		0.049678583336049534
596714.58		2292.0		131.72971602498427		1040.5130904472264		0.004360679617077975		1.929327828022881e-06		0.05132571781049682
597714.58		2292.0		131.75913044660004		1036.3645853983287		0.004371989106651201		1.861631564429797e-06		0.05322119750672316
598714.6		2292.0		131.6030153164719		1032.3785428688018		0.004382855693147351		1.3508046800454754e-06		0.05482744775332327
599714.5599999999		2292.0		132.03499627298956		1028.2465905292233		0.004394120048643242		1.2384294265513698e-06		0.05612201302193952
600714.62		2292.0		131.93336199041408		1023.8908040827653		0.004405994606481399		1.735118796739911e-06		0.05760887634003194
601714.6		2292.0		131.79988521747367		1020.0224144733395		0.004416540439839599		9.039938618383286e-07		0.058928406278194456
602714.72		2292.0		132.15552278802562		1015.9996019215904		0.004427507250052999		4.922529761195935e-07		0.05962661347198369
603714.74		2292.0		132.25605797554917		1011.6761978428126		0.004439293514585682		9.011041282669732e-07		0.06032330595774803
604714.7999999999		2292.0		132.61553924909515		1007.5975511462119		0.00445041252832429		6.422493989072589e-07		0.06109502902194091
605714.6799999999		2292.0		132.8820990984411		1003.6918677703136		0.00446106001351206		-8.608598784081573e-08		0.06137307735766947
606714.74		2292.0		133.23911870667644		999.571370795511		0.004472293108761192		-2.3085920667752918e-07		0.06121459525205445
607714.72		2292.0		133.15582363815733		995.4589072826138		0.004483504299081914		-3.9662717905755013e-07		0.060900858334050775
608714.76		2292.0		132.52328552946935		991.5637940595636		0.004494122955863064		-1.15561132215964e-06		0.06012470803867213
609714.74		2292.0		132.29235230756348		986.9815153074687		0.004506614922678827		-4.060279949671258e-08		0.05952661293998518
610714.72		2292.0		132.63318535659909		983.0424232197275		0.004517353463414222		-6.790203572037273e-07		0.05916680855786653
611714.74		2292.0		133.22095593081667		978.8747219768297		0.004528715221580614		-6.946755713469963e-07		0.058479946856631874
612714.72		2292.0		133.05754333098682		974.7212348876285		0.004540038225248991		-7.486301960716105e-07		0.05775830840598026
613714.74		2292.0		133.37572588621407		970.4287086978715		0.004551740264625774		-4.24004199824253e-07		0.057171979481688354
614714.84		2292.0		133.60311405145256		966.2971484595994		0.004563003483123026		-5.391092579732498e-07		0.056690374597116726
615714.7999999999		2292.0		133.05611621849403		961.9348407855927		0.004574895746791931		-2.35763384526938e-08		0.056409043052615696
616714.7999999999		2292.0		133.56023698648264		957.9346399861796		0.004585800851691698		-4.956572755036512e-07		0.056149426245637526
617714.74		2292.0		133.71829700496616		953.6688413667027		0.004597430008458856		-2.4300371401567156e-07		0.05578011791070753
618714.72		2292.0		133.6893485107228		949.3743865389428		0.004609137280987053		8.73105210803804e-08		0.05570227287117181
619714.6599999999		2292.0		134.1218598613858		945.3476924248288		0.004620114596515336		-3.118771563035555e-07		0.05558999629055929
620714.72		2292.0		134.39160251584514		941.1622821865085		0.0046315245890525495		-2.797530870594575e-07		0.05529416341997046
621714.74		2292.0		133.59178928970252		936.9107489601071		0.004643114836830327		-6.691868981775068e-08		0.055120824064814083
622714.7999999999		2292.0		133.91612628298225		932.7746573816387		0.004654390370459009		-1.692535291026101e-07		0.055002730870187345
623714.82		2292.0		134.36087272611405		928.7482943703831		0.004665366764928366		-5.702724402813567e-07		0.05463296049023566
624714.84		2292.0		134.31261534814513		924.5025400667241		0.004676941244008658		-3.732067405245662e-07		0.05416121146504088
625714.9199999999		2292.0		134.48754900167134		920.4593073849366		0.004687963618117453		-7.289286434149569e-07		0.05361009968765579
626714.98		2292.0		134.4159668166513		916.3516972178941		0.004699161488893567		-9.089263352688934e-07		0.05279112306266446
627715.0599999999		2292.0		134.76426655829536		912.0088897032794		0.004711000532599593		-4.4797864092848555e-07		0.05211261629836675
628715.02		2292.0		134.5702792299443		907.5319091652526		0.004723205343442859		3.8010145295142017e-07		0.05207867906192197
629714.98		2292.0		134.64559420122828		903.5436566543959		0.0047340778156047736		-1.2415713451785493e-07		0.05220664610225238
630715.0		2292.0		135.06470109872637		899.4933674332627		0.0047451194029691345		-4.5998315069233076e-07		0.051914570118244435
631715.02		2292.0		134.90897842381847		895.6259643048865		0.00475566241599594		-1.2943835044224375e-06		0.051037369247020486
632715.04		2292.0		135.0496277680147		891.2944279282033		0.00476747070789371		-8.635049871877354e-07		0.04995840342233046
633715.0399999999		2292.0		134.73365951132075		887.0747789752802		0.004778973976031963		-7.374226857507701e-07		0.0491579395858613
634715.0399999999		2292.0		134.67275187250831		883.2139513959228		0.004789499049723053		-1.5895348314800758e-06		0.04799446082724588
635715.08		2292.0		134.16659374054714		879.0304180440208		0.004800903852815623		-1.5623726631617055e-06		0.04641844404177504
636715.0599999999		2292.0		135.95028573749033		874.7272323056687		0.004812634837149413		-1.2083466224737174e-06		0.04503311210615021
637715.0999999999		2292.0		136.25564111065404		870.7563463745628		0.004823459928896604		-1.7608957995334656e-06		0.043548431510298295
638715.0599999999		2292.0		135.5451909067362		866.1525979021686		0.00483601027105697		-5.872843885524476e-07		0.042374388379859004
639715.0999999999		2292.0		135.17114244108114		862.2733546987403		0.004846585524688067		-1.3896716817068597e-06		0.04138587080560802
640715.1199999999		2292.0		135.70167603137403		858.1023022338924		0.004857956278374531		-1.3963313757782425e-06		0.03999284141683487
641715.0599999999		2292.0		135.5772157050568		854.0183884524546		0.004869089477433974		-1.6396355220034062e-06		0.03847494904695089
642715.0399999999		2292.0		135.87464154529434		849.5939395422741		0.004881151007335705		-9.550639133741254e-07		0.0371776252762565
643715.0399999999		2291.98		135.64438713582564		845.1579318749714		0.0048932440419656425		-2.3921512025491115e-07		0.036580485759441984
644714.96		2292.0		136.2690297748828		841.4621405707516		0.004903319162702278		-1.5403700455718372e-06		0.035690764359935206
645715.02		2292.0		135.95235020980084		836.7858173820025		0.004916067312085488		-1.7008913033057793e-07		0.03483548345820867
646715.1199999999		2292.0		136.44139449080615		832.5689200461592		0.004927563012740523		-5.271203069607405e-08		0.03472407173763731
647715.08		2292.0		136.07074945968367		828.8079605672272		0.004937815774989585		-1.1766805310207268e-06		0.03410940004463009
648715.1399999999		2292.0		136.18847972046623		824.5834378147576		0.004949332253434501		-1.0380705540722138e-06		0.03300195805955113
649715.1199999999		2292.0		136.09662474828488		820.2671058966118		0.004961099007573322		-6.482747083522145e-07		0.032158802291791556
650715.08		2292.0		136.4138417648678		816.3084741797597		0.004971890630221991		-1.2333828090680884e-06		0.031218011166231678
651715.1199999999		2292.0		136.68101724973667		812.3343916040212		0.004982724368784796		-1.777285170514488e-06		0.029712616963080918
652715.0799999998		2292.0		136.9543094897906		808.3318608146952		0.0049936356552366615		-2.242729468033243e-06		0.0277026900440999
653715.0399999999		2292.0		136.64432320405166		804.3706751622751		0.005004434226159475		-2.820889294605569e-06		0.025170981935155545
654715.0599999999		2292.0		136.86754595409198		799.7426732716867		0.005017050596005185		-1.5819328294313859e-06		0.022969526844915787
655715.0599999999		2292.0		136.43001036293452		795.5506149580959		0.005028478537010925		-1.531177660509496e-06		0.021412971599945346
656715.08		2292.0		136.66768216752234		791.1969501704015		0.005040347026739753		-1.0401013122163238e-06		0.020127306400792685
657715.0999999999		2292.0		137.15872994185867		787.2817691135014		0.005051020164730213		-1.7443767022905926e-06		0.018735039548759217
658715.1		2292.0		137.06630586355445		783.392388361368		0.005061622964196394		-2.5187630729294613e-06		0.016603469661148944
659715.0599999999		2292.0		136.77422407766178		779.5039673104766		0.005072223142880572		-3.2953151381355864e-06		0.013696546837180749
660715.1599999999		2292.0		136.64662293166944		774.689228579413		0.0050853485389286135		-1.5482426454962311e-06		0.011274525767475715
661715.24		2292.0		136.83036497459912		770.6773892644283		0.005096285156066351		-1.989721519444869e-06		0.009505402166438436
662715.26		2292.0		136.81020957576936		766.4629963659697		0.005107773946346267		-1.878344620063685e-06		0.007571330416022728
663715.32		2292.0		137.08764778872575		762.4356142022891		0.005118752924559899		-2.277234874399625e-06		0.005493416001406365
664715.32		2292.0		137.2474187021041		758.4294474183117		0.005129674062989479		-2.733282281638591e-06		0.0029881574233872566
665715.3799999999		2292.0		137.64743778035802		754.3770159231441		0.005140721317827139		-3.0638959119463904e-06		8.939441124913372e-05
666715.3799999999		2292.0		137.50164117499057		750.5497796898259		0.005151154667624289		-4.0077319516142185e-06		-0.0034464195205311707
667715.44		2292.0		137.81533813032513		745.8561184482132		0.005163949954649994		-2.5903133938787876e-06		-0.006745640134638223
668715.4199999999		2292.0		137.1404812148482		741.5523382073063		0.005175682389681945		-2.234836655029375e-06		-0.009158166907591771
669715.3799999999		2292.0		137.4679459791032		737.3669148501456		0.005187092169304371		-2.2017877819874992e-06		-0.011376390393611385
670715.3599999999		2292.0		137.61082686384543		733.3798527698672		0.0051979611961068		-2.7097192726588393e-06		-0.013832094805863962
671715.3799999999		2292.0		137.71263093192448		729.2898801134365		0.005209110759664233		-2.9375690957624337e-06		-0.016655795462958336
672715.3999999999		2292.0		138.2031307127951		725.1225951276848		0.0052204710769377235		-2.954665202806357e-06		-0.01960197153458577
673715.3799999999		2292.0		138.4014916080753		720.7111892281808		0.005232496879429387		-2.3058210042448124e-06		-0.022232162033249236
674715.3599999999		2292.0		138.23627268532206		716.546866548599		0.005243849110145245		-2.3305485814884355e-06		-0.02455030046241996
675715.4199999999		2292.0		137.5487125926147		712.6389864165869		0.005254502255879947		-3.055271314755456e-06		-0.027243371985138945
676715.3999999999		2292.0		138.07322736866067		708.4985368700409		0.005265789396374166		-3.145089113637013e-06		-0.03034349019573084
677715.3599999999		2292.0		138.18034082780102		704.1485190758594		0.005277647828050426		-2.663388186761352e-06		-0.0332476126763839
678715.3999999999		2292.0		138.1517150874913		699.9052581471645		0.00528921522784134		-2.4736293200997364e-06		-0.03581622417016468
679715.4199999999		2292.0		138.91694982426623		695.5342008145149		0.005301131002855727		-1.935267686248819e-06		-0.038020716762309066
680715.3999999999		2292.0		138.97218411104657		691.2898721673585		0.005312701301804183		-1.7419270308934379e-06		-0.03985927734893299
681715.5		2292.0		138.6474702244926		687.1392127330055		0.0053240162472584385		-1.8053051320408506e-06		-0.041633070792008446
682715.5		2292.0		139.09361637898903		683.0665298191002		0.005335118618761559		-2.0801194657391747e-06		-0.04357578309089846
683715.52		2292.0		138.90983465706074		678.5250370064292		0.005347498987226317		-1.0771643815157134e-06		-0.04515445658736441
684715.5399999999		2292.0		138.57421878188995		674.3621126370791		0.005358847350760351		-1.106214228016253e-06		-0.04624616772591638
685715.6799999999		2292.0		138.2279091312351		669.8850982648474		0.005371051934961846		-2.804086693571073e-07		-0.04693957623820589
686715.76		2292.0		138.13622579255292		665.7185548695519		0.005382410152677354		-3.002869655346213e-07		-0.047229947283477174
687715.76		2292.0		138.994643646862		661.4195627732046		0.0053941294267356955		4.180125598874512e-08		-0.047359190138250115
688715.82		2292.0		139.32093264872793		657.2136141337073		0.005405595053798671		1.2955985099604578e-07		-0.047273504443924516
689715.8799999999		2291.98		139.075815888329		653.1422593470905		0.005416693765849129		-1.4959656651370584e-07		-0.04728352340278481
690715.94		2292.0		138.83821275490033		648.7511664893409		0.005428664093518288		4.42862634676168e-07		-0.04713688157072153
691715.96		2292.0		139.5672985343352		644.7727800613212		0.005439509358487078		-8.928577706953517e-08		-0.046960089606149634
692715.98		2292.0		139.008758466995		640.350329118711		0.0054515651578042655		5.891001595833764e-07		-0.046710177416748884
693716.0		2292.0		139.18915887240547		635.9400137253981		0.0054635878687577		1.2343977324824965e-06		-0.04579841023573701
694716.02		2292.0		139.3316877178316		631.6340436362008		0.005475326123793065		1.5952393873121251e-06		-0.04438356337946848
695715.98		2292.0		139.09064321674074		627.599268921275		0.005486325083388325		1.2174682331870038e-06		-0.04297726582337138
696716.0		2292.0		138.79611965587267		623.4787119107567		0.0054975578835216405		1.0728549859678402e-06		-0.04183208131056174
697716.0399999999		2292.039999999999		139.42402767290872		619.3572768299563		0.005508793071757743		9.304022978188706e-07		-0.04083041260352279
698716.02		2292.0		139.50415644188868		615.5765816428872		0.005519099385237177		-1.402425158494522e-07		-0.04043534061413586
699716.0399999999		2292.0		138.69812763459717		611.2142457923567		0.0055309912666287745		3.742254952145488e-07		-0.04031834678462353
700715.98		2292.0		139.33674895408666		606.8417603090701		0.005542910809997731		9.172656585017258e-07		-0.03967263995249996
701715.96		2292.0		139.87725041263118		602.4571465494329		0.005554863409131774		1.4929064994437247e-06		-0.03846757797524884
702715.96		2292.0		139.97500829469675		598.2078021633364		0.005566447253513849		1.6995650447002367e-06		-0.036871342203176866
703715.98		2292.0		140.19163871751462		594.349724224398		0.005576964488269587		8.393864199028947e-07		-0.03560184108136063
704715.98		2292.0		140.0709174645686		590.5946222845539		0.005587201002661832		-3.0128502467082624e-07		-0.035332790383744594
705716.0		2292.0		139.39921416913498		586.3103872904107		0.005598879943046761		2.4197972271766677e-10		-0.0354833149166491
706715.8399999999		2292.0		140.29418246223014		582.0585048287492		0.005610470683513165		2.1561695904420697e-07		-0.035375402715980754
707715.84		2292.0		139.91372277588925		577.9495590236194		0.005621671769264383		3.9516873442772826e-08		-0.03524783579973725
708715.8999999999		2292.0		140.04288627904825		573.3795606592931		0.005634129688826503		1.119567967594777e-06		-0.034668258606673275
709715.94		2292.0		140.34364745563394		569.6555194541048		0.0056442815047450644		-1.0625703809538645e-07		-0.03416158287570497
710715.8799999999		2292.0		140.03004647727366		565.3039562821459		0.005656143953060239		3.796880714114839e-07		-0.034024875561977926
711715.8799999999		2292.0		140.3513282927315		561.1806838194169		0.005667384070457106		2.42619631459981e-07		-0.0337137217105422
712715.8799999999		2292.0		140.4191391338924		556.8610687669511		0.005679159415259927		6.407785974622132e-07		-0.0332720225960811
713715.82		2292.0		140.44432473126326		552.6369488311318		0.005690674432642552		7.792927744186551e-07		-0.03256202951228178
714715.84		2292.0		140.49440976880857		548.5980294493752		0.005701684584756588		4.1203150791951915e-07		-0.031966355457869855
715715.8599999999		2292.0		140.73417859191142		544.2817015516756		0.005713450950347789		8.009837185870769e-07		-0.03135983571446435
716715.8599999999		2292.0		140.66646888630447		540.076789653881		0.005724913588399058		8.864359330373536e-07		-0.030516125888652136
717715.9199999999		2292.0		140.94505149932445		535.9465564203265		0.005736172645696773		7.676247627836502e-07		-0.029689045918920715
718715.8999999999		2292.0		140.86161701735827		531.9515943881639		0.005747062946805523		2.8096757843151104e-07		-0.029164760234236555
719715.9199999999		2292.0		140.72083128173992		527.7110932977411		0.005758622583547989		4.6319094036250535e-07		-0.02879267353325435
720715.9199999999		2292.0		140.9290474140888		523.8030764355793		0.0057692758604207936		-2.607180236511436e-07		-0.02869143707489867
721715.98		2292.0		140.8789258300347		519.4675097688311		0.005781094634437172		1.8018752475767313e-07		-0.028731704740260374
722715.96		2292.0		140.37022942983594		515.6773389149739		0.005791426651749828		-8.64753455687324e-07		-0.029073980860065882
723715.94		2292.0		140.75794010709723		511.38777729234045		0.005803120003854898		-5.48359643717973e-07		-0.029780523278637522
724715.94		2292.0		140.9944225286239		506.66203276003876		0.005816002383946137		9.56834610701604e-07		-0.029576285795145707
725716.02		2292.0		141.24048684156605		502.7968276612562		0.0058265389277112585		1.1528236413746451e-07		-0.02904018442304714
726716.0599999999		2292.0		141.0187447277194		498.7100054396508		0.005837679593818502		-1.2169245286984542e-07		-0.029043389595615105
727716.08		2292.0		140.9960546819143		494.40499009494505		0.005849415047508407		2.363478564994942e-07		-0.028986060747246245
728716.1		2292.0		141.17633448977463		490.33745865363505		0.005860503115157056		-5.299787538600581e-08		-0.028894383923189687
729716.1399999999		2292.0		140.73076477382835		486.2677780764771		0.005871597035568841		-3.3671838785189617e-07		-0.029089249849133886
730716.28		2292.0		141.10934347869792		482.1363333104432		0.0058828593188080085		-4.5321379152189756e-07		-0.029484271234073392
731716.28		2292.0		141.38588413130023		478.34036313276295		0.0058932070959150295		-1.4826225213189145e-06		-0.030452189390493798
732716.24		2292.0		140.68678347059475		473.7138598986475		0.005905818891080871		-2.475581048627662e-07		-0.03131724509997208
733716.2999999999		2292.0		141.03003033893464		469.2650145388374		0.005917946385815405		5.020681617040265e-07		-0.031189982436249753
734716.2999999999		2292.0		141.13334955307397		465.57228491203267		0.005928012713582946		-8.087899075730903e-07		-0.031343343309184285
735716.2999999999		2292.0		140.3467380605693		462.09450433478696		0.005937493088943665		-2.7056003836720133e-06		-0.03310053845480684
736716.3		2292.0		140.28855612447285		457.4052318731024		0.005950275965438131		-1.2999097260260259e-06		-0.03510329350965609
737716.2999999999		2292.0		140.20755371046374		453.13252787298677		0.005961923276661679		-1.0297843392953823e-06		-0.036268140542316654
738716.2999999999		2292.0		140.36878335190244		448.9396821456515		0.005973352889436328		-9.773574014652897e-07		-0.03727171141269699
739716.2999999999		2292.0		140.37574197812546		444.3126550886077		0.005985966064500461		2.5863182584982825e-07		-0.03763107420050472
740716.24		2292.0		141.1437050759386		440.3790723047865		0.005996688919575421		-3.9501630485876127e-07		-0.037699262348474816
741716.2999999999		2292.0		140.580479504621		436.08320785574966		0.006008399339731961		-6.246461628674205e-08		-0.03792801653347519
742716.34		2292.0		142.24963337287758		431.4596721955885		0.0060210029761337755		1.1635308612752832e-06		-0.037377461389655996
743716.34		2292.0		140.70095534362596		427.73027118044246		0.0060311692194748145		-4.741163450380781e-08		-0.03681940177627026
744716.34		2292.0		140.68167525920197		423.4506135844584		0.006042835440790693		2.4162384455652525e-07		-0.036722295671243896
745716.3599999999		2292.0		141.93627416881748		419.46743069804853		0.006053693474816242		-2.777555104293075e-07		-0.036740361865496944
746716.3999999999		2292.0		140.80239212165495		415.23822030843036		0.006065222165997606		-1.267052533162824e-07		-0.03694260033658502
747716.3999999999		2292.0		141.0547921467648		410.94079459760167		0.006076936803339149		2.10746251408378e-07		-0.03690057983753897
748716.44		2292.0		140.75917918746026		406.9215010377405		0.006087893255793146		-2.1044221884709835e-07		-0.03690042781517768
749716.4199999999		2292.0		140.47949423219154		402.66356794700505		0.006099500224811678		1.956850658336312e-08		-0.036995862762572426
750716.24		2292.0		141.60298948676194		398.342703454468		0.006111278735796464		4.2294154800181366e-07		-0.03677464756118474
751716.26		2292.0		141.59041655824902		394.37923657292487		0.006122082988628649		-1.5021900034994928e-07		-0.03663828356013333
752716.2799999999		2292.0		141.72689664889774		390.10691857799065		0.0061337291508893185		1.185298797862222e-07		-0.036654128437306394
753716.24		2292.0		140.83587331328766		386.1281104557141		0.006144575211383781		-4.1214037513684354e-07		-0.03680092781277181
754716.36		2292.0		140.97474467145324		381.71096512116065		0.006156616153567031		2.5025070899374613e-07		-0.03688188235922333
755716.3599999999		2292.0		140.73246378642102		377.0627329664997		0.006169287020456352		1.5439317614983697e-06		-0.03598479112397738
756716.34		2292.0		140.29860110087975		373.7039651782766		0.006178442861907675		-6.771850802819723e-07		-0.03555142645083595
757716.3		2292.0		139.95470019265554		369.7109987753702		0.006189327493266914		-1.1692844704277658e-06		-0.036474624296799874
758716.34		2292.0		140.54810570541616		365.08622869985606		0.006201934383241223		5.996457962988144e-08		-0.03702930642859659
759716.3999999999		2292.0		140.0806367875946		360.55147679518006		0.0062142958805648		1.0435934352393678e-06		-0.03647749431442155
760716.3799999999		2292.0		140.08932320583457		356.4316894974684		0.006225526199413636		8.969539909741212e-07		-0.035507240006789086
761716.3999999999		2292.0		139.741753792947		352.13512328890914		0.006237238401384561		1.2317425813635624e-06		-0.0344428704336545
762716.4199999999		2292.0		140.08459929741187		347.88106861205665		0.0062488347125262515		1.4506403425186554e-06		-0.03310165214788413
763716.5399999999		2292.0		140.0829768691976		343.144514739016		0.006261746281128996		2.983657846144551e-06		-0.03088423699566122
764716.6199999999		2292.0		140.28427639539532		338.9378880031528		0.00627321329237349		3.07257307895388e-06		-0.027855879283875125
765716.6799999999		2292.0		140.1651718941835		334.9684361658144		0.006284033773070911		2.515185308405582e-06		-0.025061832457443617
766716.6799999999		2292.0		140.17491754117265		330.9245310348028		0.006295057202798281		2.161429198958148e-06		-0.022723525203761752
767716.72		2292.0		140.28683951107755		327.33217362902695		0.006304849736841261		5.763223176850907e-07		-0.021354594690409748
768716.76		2292.0		140.37762978990102		322.93915638742936		0.006316824811259179		1.1737558113511515e-06		-0.020479520624329013
769716.74		2292.0		139.87781197137704		319.11034712980444		0.006327261886122872		2.3387238194325088e-07		-0.019775720603963758
770716.7999999999		2292.0		140.72809628631362		315.08854978032787		0.006338225027523234		-1.8085468566318708e-07		-0.019749210165292838
771716.84		2292.0		140.7606131875743		311.55770374054987		0.006347849864587077		-1.9336585460718106e-06		-0.020806509071425013
772716.8999999999		2292.0		140.99464719841077		305.85448916422814		0.006363396414995172		2.235023394055527e-06		-0.020655817606487725
773716.82		2292.0		141.06165407353146		301.74327880202645		0.006374603269438782		2.065602175712819e-06		-0.018505676846626254
774716.76		2292.0		141.5172270868588		298.3377820464506		0.006383886396096572		-2.7774372165015326e-08		-0.017486824079686398
775716.82		2292.0		140.79701109561393		294.2423732912155		0.00639505016486976		-2.418740669453412e-07		-0.017621656388694742
776716.82		2292.0		141.47751005903626		290.58340163599144		0.006405024234336611		-1.6449904369133378e-06		-0.018565088640624082
777716.7999999999		2292.0		141.00131391443304		285.85502226314804		0.006417913417731146		-1.3276533547979669e-07		-0.019453948749262907
778716.82		2292.0		140.62760127722987		281.4913778754124		0.006429808355205893		3.8475875873203447e-07		-0.019327949517702555
779716.84		2292.0		141.6771054470999		277.39794570383407		0.006440966709677863		1.6569985016728905e-07		-0.0190527147086668
780716.9199999999		2292.0		141.25723866155172		272.7814329833065		0.006453550930372484		1.3718245331023962e-06		-0.01828389101605666
781716.94		2292.0		141.73826638845446		269.6424092138748		0.006462107637288954		-1.448881930961668e-06		-0.018322420485560275
782716.8799999999		2292.0		141.0139326524611		264.67407724662934		0.006475650872172554		7.178497469706099e-07		-0.018687914646590264
783716.8999999999		2292.0		140.8280226429959		261.22118591191463		0.0064850631439129355		-1.2472918931834623e-06		-0.018952641014118157
784716.8799999999		2292.0		141.29061191703374		257.2319328069513		0.006495937483955372		-1.7499101438488499e-06		-0.020451212060613917
785716.8599999999		2292.0		141.9330535233323		252.6543554264365		0.006508415534730256		-6.488176620663214e-07		-0.02165055197629342
786716.7999999999		2292.0		142.2559866246387		247.90160563875216		0.006521371080638159		9.302250401684725e-07		-0.02150985672946368
787716.8599999999		2292.0		142.43601291265728		243.96722406312816		0.0065320958256626215		2.7710159666329004e-07		-0.02090615719124873
788716.94		2292.0		141.41663392384237		239.77411267752643		0.00654352583659858		3.2901652093596245e-07		-0.020603073887724376
789716.8999999999		2292.0		141.4944630893325		235.413457610544		0.006555412547944662		8.389971176327865e-07		-0.020019090428712794
790716.8999999999		2292.0		141.99423879000508		231.2695498143507		0.006566708420954063		7.576842902161721e-07		-0.019220749724788315
791716.94		2292.0		141.9408445586652		227.48845324316017		0.0065770153014565414		-3.1307613155770464e-07		-0.0189984367532959
792716.8999999999		2292.0		141.90112421151065		222.95966561966802		0.006589360303536393		6.551951989095667e-07		-0.01882738406200132
793716.9199999999		2292.0		142.2729004495777		218.42929823439874		0.006601709603843497		1.627082125477998e-06		-0.017686222577034273
794716.8599999999		2292.0		141.9693846208893		214.3416253225196		0.006612852159123948		1.3931342002617211e-06		-0.01617620502065427
795716.8399999999		2292.0		140.9448905390256		210.60529115307676		0.006623036997157736		2.0101394094824282e-07		-0.015379146891530714
796716.8599999999		2292.0		141.2963452921621		205.52476439043343		0.006636885948269516		2.6725516721936085e-06		-0.01394233534930363
797716.8999999999		2292.0		141.98929872148406		200.98382277590656		0.006649264041639282		3.6730041177062203e-06		-0.010769430543237798
798716.9199999999		2292.0		141.932461514218		198.00444668914974		0.006657385479528556		4.17028626445784e-07		-0.008724373270834317
799716.94		2292.0		142.18779652033234		193.29613769269505		0.006670219783295494		1.8739190128479188e-06		-0.007578876541711052
800716.98		2292.0		142.1999950140666		189.21491814634373		0.0066813447069047835		1.621201697886085e-06		-0.00583124628392977
801717.02		2292.0		142.37632358032744		185.33949043060917		0.0066919086601079335		8.075139767832473e-07		-0.004616839872281566
802717.02		2292.0		141.04165427147788		181.32864329218802		0.006702841744195752		3.634122277837784e-07		-0.004031376769998053
803716.98		2292.02		141.5828564038927		177.15427484817377		0.006714220560773146		3.6549805579235567e-07		-0.003666936206415671
804717.02		2292.0		142.05426748043536		172.21333512965901		0.006727688947669711		2.456244028105521e-06		-0.0022560087296250022
