Date of measurement: 14-11_20260909
Nr of camera grabs per point: 150
Camera exposure time per point: 1200.0 [µsec]
Length of measurement : 240.0 [mm]
Nr of measurement points + 1: 241
Stepsize of measurement: 1.0 [mm]
Laser intensity preset: 1.01 [mW]
Slope RMS: 1.53 [µrad]
Height RMS: 0.039 [µm]
Radius from fit: 89.11244961372618 [m]
X [FWD] position	X [BWD] position	X [AVG] position	Y [FWD] position	Y [BWD] position	Y [AVG] position	CentroidX [FWD]	CentroidX [BWD]	CentroidX [AVG]	CentroidY [FWD]	CentroidY [BWD]	CentroidY [AVG]	Raw Slope [FWD][rad]	Raw Slope [BWD][rad]	Raw Slope [AVG][rad]	Slope Error [FWD][rad]	Slope Error [BWD][rad]	Slope Error [AVG][rad]	Height [FWD][µm]	Height [BWD][µm]	Height [AVG][µm]

563502.0800	563503.3800	563502.0800	1792.0000	1792.0000	1792.0000	232.1692	230.2600	231.2146	1165.2552	1166.5685	1165.9119	4.020610490e-03	4.017030182e-03	4.018820336e-03	-1.184586602e-06	7.725676995e-08	-5.523729597e-07	0.000000e+00	0.000000e+00	0.000000e+00
564502.1400	564503.4200	564502.1400	1792.0000	1792.0000	1792.0000	231.9753	230.6549	231.3151	1160.8999	1163.0595	1161.9797	4.032484020e-03	4.026596384e-03	4.029540202e-03	-5.243830609e-07	-1.587932414e-06	-1.054957074e-06	-8.545361e-04	-7.553680e-04	-8.037132e-04
565502.2200	565503.5200	565502.2200	1792.0000	1792.0000	1792.0000	232.5607	230.0221	231.2914	1157.1833	1158.9443	1158.0638	4.042616279e-03	4.037815323e-03	4.040215801e-03	-1.605675000e-06	-1.601058479e-06	-1.602032750e-06	-1.919650e-03	-2.350023e-03	-2.132314e-03
566502.2200	566503.5200	566502.2200	1792.0000	1792.0000	1792.0000	232.6497	231.4083	232.0290	1153.1152	1154.1813	1153.6483	4.053706452e-03	4.050800186e-03	4.052253319e-03	-1.728155184e-06	1.528628720e-07	-7.862911518e-07	-3.586565e-03	-3.074121e-03	-3.326476e-03
567502.2200	567503.5000	567502.2200	1792.0000	1792.0000	1792.0000	232.7045	230.6902	231.6974	1148.6103	1151.2841	1149.9472	4.065987640e-03	4.058698440e-03	4.062343040e-03	-6.596211236e-07	-3.179600184e-06	-1.918346944e-06	-4.780454e-03	-4.587459e-03	-4.678795e-03
568502.2400	568503.5000	568502.2400	1792.0000	1792.0000	1792.0000	232.9042	231.1755	232.0399	1144.6860	1146.2625	1145.4743	4.076686024e-03	4.072388349e-03	4.074537187e-03	-1.174114272e-06	-7.206324683e-07	-9.462009542e-07	-5.697340e-03	-6.537575e-03	-6.111098e-03
569502.2600	569503.5000	569502.2600	1792.0000	1791.9800	1791.9900	232.2737	231.1660	231.7199	1140.6619	1141.9157	1141.2888	4.087656534e-03	4.084238494e-03	4.085947514e-03	-1.416482349e-06	-1.014288762e-07	-7.578744907e-07	-6.992664e-03	-6.948606e-03	-6.963153e-03
570502.2600	570503.5000	570502.2600	1792.0000	1792.0000	1792.0000	231.6966	231.5361	231.6163	1136.3481	1138.8650	1137.6065	4.099416759e-03	4.092555390e-03	4.095986075e-03	-8.689103793e-07	-3.015475071e-06	-1.941090588e-06	-8.135360e-03	-8.507058e-03	-8.312635e-03
571502.2800	571503.5000	571502.2800	1792.0000	1792.0000	1792.0000	232.5402	231.5064	232.0233	1132.4184	1134.0324	1133.2254	4.110129936e-03	4.105729926e-03	4.107929931e-03	-1.368611098e-06	-1.071881076e-06	-1.219235245e-06	-9.254143e-03	-1.055074e-02	-9.892830e-03
572502.2600	572503.4800	572502.2600	1792.0000	1792.0000	1792.0000	232.3524	231.8762	232.1143	1127.7216	1129.8102	1128.7659	4.122934239e-03	4.117240407e-03	4.120087323e-03	2.232619326e-07	-7.921163879e-07	-2.833953703e-07	-9.826806e-03	-1.148272e-02	-1.064413e-02
573502.2200	573503.5400	573502.2200	1792.0000	1792.0000	1792.0000	233.0343	231.7967	232.4155	1123.4653	1125.2018	1124.3336	4.134537565e-03	4.129803567e-03	4.132170566e-03	6.143827669e-07	5.394282468e-07	5.785199255e-07	-9.408001e-03	-1.160907e-02	-1.049657e-02
574502.2200	574503.4800	574502.2200	1792.0000	1792.0000	1792.0000	233.1950	231.8007	232.4978	1119.6810	1121.2895	1120.4852	4.144854300e-03	4.140469437e-03	4.142661868e-03	-2.815356388e-07	-2.497030784e-08	-1.519544680e-07	-9.241577e-03	-1.135185e-02	-1.028329e-02
575502.1800	575503.4800	575502.1800	1792.0000	1792.0000	1792.0000	233.0095	231.9192	232.4644	1115.3919	1116.8872	1116.1396	4.156547186e-03	4.152470708e-03	4.154508947e-03	1.991462294e-07	7.453596990e-07	4.737971025e-07	-9.282770e-03	-1.099166e-02	-1.012238e-02
576502.2400	576503.5200	576502.2400	1792.0000	1792.0000	1792.0000	233.5020	232.1461	232.8241	1111.0762	1112.8700	1111.9731	4.168312578e-03	4.163422503e-03	4.165867541e-03	7.512119092e-07	4.657634476e-07	6.099405235e-07	-8.807563e-03	-1.038607e-02	-9.580475e-03
577502.2000	577503.5200	577502.2000	1792.0000	1792.0000	1792.0000	233.4370	232.0498	232.7434	1106.3991	1108.4722	1107.4356	4.181063253e-03	4.175411666e-03	4.178237460e-03	2.289681877e-06	1.223984383e-06	1.758531608e-06	-7.287177e-03	-9.541200e-03	-8.396286e-03
578502.3000	578503.5400	578502.3000	1791.9800	1792.0000	1791.9900	233.5905	231.9666	232.7785	1102.8601	1104.6142	1103.7371	4.190711207e-03	4.185929196e-03	4.188320202e-03	7.238607556e-07	5.103487932e-07	6.183750320e-07	-5.780255e-03	-8.674016e-03	-7.207714e-03
579502.2800	579503.5400	579502.2800	1792.0000	1792.0000	1792.0000	233.0644	232.0129	232.5386	1098.9125	1100.3458	1099.6291	4.201473083e-03	4.197565628e-03	4.199519355e-03	2.733070108e-07	9.158382586e-07	5.959762162e-07	-5.281681e-03	-7.960923e-03	-6.600550e-03
580502.3200	580503.5600	580502.3200	1792.0000	1791.9800	1791.9900	233.0321	231.9039	232.4680	1095.0551	1096.4666	1095.7609	4.211988879e-03	4.208140924e-03	4.210064901e-03	-4.239988004e-07	2.599685878e-07	-8.070281839e-08	-5.357030e-03	-7.373007e-03	-6.342903e-03
581502.4200	581503.6000	581502.4200	1792.0000	1792.0000	1792.0000	233.6238	232.2112	232.9175	1090.8439	1091.8059	1091.3249	4.223469293e-03	4.220846698e-03	4.222157995e-03	-1.573598203e-07	1.734351496e-06	7.894922147e-07	-5.647738e-03	-6.375807e-03	-5.988473e-03
582502.5000	582503.5000	582502.5000	1792.0000	1792.0000	1792.0000	233.5740	232.4655	233.0198	1086.5650	1087.7719	1087.1684	4.235134453e-03	4.231844212e-03	4.233489332e-03	2.942497696e-07	1.502046656e-06	8.981548214e-07	-5.579288e-03	-4.757770e-03	-5.144582e-03
583502.5200	583503.4800	583502.5200	1792.0000	1792.0000	1792.0000	234.2054	232.6673	233.4363	1082.3406	1083.9054	1083.1230	4.246650946e-03	4.242385020e-03	4.244517983e-03	5.978652729e-07	8.121380230e-07	7.048046532e-07	-5.133221e-03	-3.600701e-03	-4.343087e-03
584502.6000	584503.5000	584502.6000	1792.0000	1792.0000	1792.0000	233.6918	232.5248	233.1083	1077.7097	1080.2406	1078.9751	4.259275405e-03	4.252375947e-03	4.255825676e-03	2.008774207e-06	-4.281016972e-07	7.898233488e-07	-3.829797e-03	-3.408679e-03	-3.595713e-03
585502.6400	585503.5000	585502.6400	1792.0000	1792.0000	1792.0000	234.0489	232.7393	233.3941	1073.6611	1075.8702	1074.7657	4.270312611e-03	4.264290307e-03	4.267301459e-03	1.832878352e-06	2.553169626e-07	1.043381148e-06	-1.908894e-03	-3.495071e-03	-2.679074e-03
586502.6000	586503.5000	586502.6000	1792.0000	1792.0000	1792.0000	233.9922	232.8101	233.4011	1070.1032	1071.1988	1070.6510	4.280012007e-03	4.277025280e-03	4.278518643e-03	3.200685578e-07	1.759348485e-06	1.039237645e-06	-8.324637e-04	-2.487739e-03	-1.637806e-03
587502.6200	587503.4800	587502.6200	1792.0000	1792.0000	1792.0000	234.6329	232.5796	233.6062	1066.3175	1067.4222	1066.8698	4.290332677e-03	4.287321086e-03	4.288826882e-03	-5.721388140e-07	8.244373182e-07	1.254747723e-07	-9.585013e-04	-1.195872e-03	-1.055438e-03
588502.6400	588503.4600	588502.6400	1792.0000	1792.0000	1792.0000	233.9310	232.6878	233.3094	1062.2456	1063.0741	1062.6598	4.301433375e-03	4.299174525e-03	4.300303950e-03	-6.843189568e-07	1.447159332e-06	3.805421044e-07	-1.586743e-03	-6.009592e-05	-8.024247e-04
589502.6600	589503.4600	589502.6600	1792.0000	1792.0000	1792.0000	234.4325	232.8314	233.6319	1057.9491	1058.9471	1058.4481	4.313146337e-03	4.310425622e-03	4.311785980e-03	-1.842346946e-07	1.467314809e-06	6.405706801e-07	-2.021028e-03	1.397141e-03	-2.918581e-04
590502.6600	590503.4200	590502.6600	1792.0000	1792.0000	1792.0000	234.2124	233.1016	233.6570	1054.1523	1054.6179	1054.3851	4.323496863e-03	4.322227544e-03	4.322862203e-03	-1.046362301e-06	2.038744314e-06	4.950180254e-07	-2.636327e-03	3.150101e-03	2.759362e-04
591502.7000	591503.4200	591502.7000	1792.0000	1792.0000	1792.0000	234.4137	233.2588	233.8362	1049.7746	1050.4505	1050.1125	4.335431301e-03	4.333588570e-03	4.334509935e-03	-3.250263970e-07	2.168828102e-06	9.205242684e-07	-3.322049e-03	5.253887e-03	9.837357e-04
592502.7200	592503.4400	592502.7200	1792.0000	1792.0000	1792.0000	234.1110	232.9898	233.5504	1045.1787	1046.6550	1045.9168	4.347960430e-03	4.343935762e-03	4.345948096e-03	9.912253477e-07	1.284854406e-06	1.136684308e-06	-2.988942e-03	6.980763e-03	2.012361e-03
593502.7200	593503.4200	593502.7200	1792.0000	1792.0000	1792.0000	233.8766	233.1558	233.5162	1040.4693	1042.3810	1041.4252	4.360798979e-03	4.355587391e-03	4.358193185e-03	2.617120683e-06	1.705765792e-06	2.159996375e-06	-1.184769e-03	8.476043e-03	3.660701e-03
594502.7000	594503.4000	594502.7000	1792.0000	1792.0000	1792.0000	234.1028	233.3824	233.7426	1036.7252	1038.2128	1037.4690	4.371006065e-03	4.366950572e-03	4.368978319e-03	1.611777836e-06	1.838229979e-06	1.723578059e-06	9.296376e-04	1.024801e-02	5.602449e-03
595502.7000	595503.4400	595502.7000	1792.0000	1792.0000	1792.0000	234.4208	233.0565	233.7386	1032.7660	1034.1752	1033.4706	4.381799559e-03	4.377957684e-03	4.379878621e-03	1.192617654e-06	1.613951111e-06	1.402104168e-06	2.331835e-03	1.197416e-02	7.165290e-03
596502.6400	596503.4000	596502.6400	1792.0000	1792.0000	1792.0000	234.6087	233.5221	234.0654	1028.0249	1029.7851	1028.9050	4.394724509e-03	4.389925793e-03	4.392325151e-03	2.905587587e-06	2.351567701e-06	2.627530752e-06	4.380815e-03	1.395684e-02	9.179987e-03
597502.6200	597503.3800	597502.6200	1792.0000	1792.0000	1792.0000	234.9120	233.3686	234.1403	1024.4172	1025.4391	1024.9282	4.404559455e-03	4.401773803e-03	4.403166629e-03	1.528104097e-06	2.968860816e-06	2.247456579e-06	6.597617e-03	1.661701e-02	1.161743e-02
598502.5400	598503.3600	598502.5400	1792.0000	1792.0000	1792.0000	234.5836	233.7338	234.1587	1019.9760	1020.8663	1020.4211	4.416666882e-03	4.414239997e-03	4.415453440e-03	2.423775000e-06	4.204337002e-06	3.313388066e-06	8.573398e-03	2.020353e-02	1.439763e-02
599502.5600	599503.3000	599502.5600	1792.0000	1792.0000	1792.0000	234.3174	233.7826	234.0500	1015.9814	1016.7838	1016.3826	4.427556800e-03	4.425369515e-03	4.426463157e-03	2.100814737e-06	4.103587402e-06	3.101104912e-06	1.083574e-02	2.435725e-02	1.760494e-02
600502.5000	600503.2400	600502.5000	1792.0000	1792.0000	1792.0000	234.5217	233.5457	234.0337	1012.1919	1012.9139	1012.5529	4.437887559e-03	4.435919235e-03	4.436903397e-03	1.219593326e-06	3.423040037e-06	2.320241537e-06	1.249584e-02	2.812033e-02	2.031545e-02
601502.5200	601503.2200	601502.5200	1792.0000	1792.0000	1792.0000	234.6890	234.4547	234.5718	1008.0585	1009.0462	1008.5523	4.449155864e-03	4.446463350e-03	4.447809607e-03	1.275020363e-06	2.736437383e-06	2.004450126e-06	1.374317e-02	3.120001e-02	2.247784e-02
602502.5800	602503.2800	602502.5800	1792.0000	1792.0000	1792.0000	234.6805	233.9378	234.3092	1003.8063	1005.4395	1004.6229	4.460748188e-03	4.456295680e-03	4.458521934e-03	1.654017673e-06	1.337152182e-06	1.494327196e-06	1.520778e-02	3.323693e-02	2.422734e-02
603502.5600	603503.2800	603502.5600	1792.0000	1792.0000	1792.0000	234.6438	233.4741	234.0590	999.5840	1001.4039	1000.4940	4.472258667e-03	4.467297308e-03	4.469777988e-03	1.952067931e-06	1.107838817e-06	1.528828966e-06	1.701079e-02	3.445942e-02	2.573888e-02
604502.5000	604503.2400	604502.5000	1792.0000	1792.0000	1792.0000	234.7382	233.5937	234.1659	995.9726	997.1137	996.5431	4.482103810e-03	4.478993202e-03	4.480548506e-03	5.852299674e-07	1.573240144e-06	1.078243972e-06	1.827936e-02	3.579991e-02	2.704234e-02
605502.5000	605503.3000	605502.5000	1792.0000	1792.0000	1792.0000	234.7175	233.2506	233.9841	991.8529	992.8482	992.3505	4.493334906e-03	4.490621488e-03	4.491978197e-03	6.036720205e-07	1.969910121e-06	1.286157930e-06	1.887381e-02	3.757159e-02	2.822454e-02
606502.4400	606503.3000	606502.4400	1792.0000	1792.0000	1792.0000	234.7218	233.4324	234.0771	987.8064	989.1077	988.4570	4.504366203e-03	4.500818632e-03	4.502592418e-03	4.229890042e-07	9.361128850e-07	6.792757457e-07	1.938711e-02	3.902460e-02	2.920720e-02
607502.4400	607503.2600	607502.4400	1792.0000	1792.0000	1792.0000	234.7845	233.4590	234.1218	983.6339	984.8418	984.2379	4.515740993e-03	4.512448074e-03	4.514094533e-03	5.851255675e-07	1.335061966e-06	9.596149643e-07	1.989117e-02	4.016014e-02	3.002665e-02
608502.4600	608503.3000	608502.4600	1792.0000	1792.0000	1792.0000	234.8360	233.8446	234.3403	979.8300	981.0835	980.4567	4.526111002e-03	4.522693846e-03	4.524402424e-03	-2.577438822e-07	3.494437953e-07	4.550447866e-08	2.005486e-02	4.100243e-02	3.052922e-02
609502.5000	609503.2600	609502.5000	1792.0000	1792.0000	1792.0000	235.0509	233.6783	234.3646	975.5046	976.4244	975.9645	4.537902696e-03	4.535395106e-03	4.536648901e-03	3.208488671e-07	1.820211112e-06	1.069756290e-06	2.008642e-02	4.208722e-02	3.108687e-02
610502.5000	610503.3200	610502.5000	1792.0000	1791.9800	1791.9900	234.6190	234.1399	234.3795	971.3361	972.9063	972.1212	4.549266557e-03	4.544985915e-03	4.547126236e-03	4.720554933e-07	1.794045561e-07	3.253142683e-07	2.048287e-02	4.308708e-02	3.178440e-02
611502.4800	611503.2400	611502.4800	1792.0000	1792.0000	1792.0000	234.6268	233.8764	234.2516	966.7480	968.5076	967.6278	4.561774299e-03	4.556977344e-03	4.559375821e-03	1.767368425e-06	9.407901949e-07	1.353347640e-06	2.160256e-02	4.364714e-02	3.262372e-02
612502.4800	612503.2200	612502.4800	1792.0000	1792.0000	1792.0000	234.8328	233.8018	234.3173	962.5560	964.3951	963.4756	4.573202277e-03	4.568188682e-03	4.570695479e-03	1.982692769e-06	9.214114019e-07	1.451229121e-06	2.347759e-02	4.457822e-02	3.402601e-02
613502.5000	613503.2200	613502.5000	1792.0000	1792.0000	1792.0000	235.2043	233.7792	234.4917	958.4061	960.5084	959.4572	4.584515550e-03	4.578784470e-03	4.581650010e-03	2.083088788e-06	2.862575576e-07	1.183758914e-06	2.551052e-02	4.518205e-02	3.534353e-02
614502.5200	614503.2000	614502.5200	1792.0000	1792.0000	1792.0000	235.0657	233.8670	234.4664	954.7454	955.5323	955.1388	4.594495245e-03	4.592349973e-03	4.593422609e-03	8.499058708e-07	2.621043565e-06	1.734356856e-06	2.697705e-02	4.663567e-02	3.680261e-02
615502.5000	615503.2400	615502.5000	1792.0000	1792.0000	1792.0000	235.4409	234.0054	234.7232	950.4496	951.7131	951.0814	4.606206227e-03	4.602761494e-03	4.604483861e-03	1.348458787e-06	1.801173974e-06	1.574056461e-06	2.807621e-02	4.884687e-02	3.845679e-02
616502.5400	616503.2800	616502.5400	1792.0000	1792.0000	1792.0000	235.0296	233.9758	234.5027	946.4772	947.5470	947.0121	4.617035378e-03	4.614118895e-03	4.615577136e-03	9.645073063e-07	1.927183430e-06	1.445106465e-06	2.923274e-02	5.071112e-02	3.996643e-02
617502.5600	617503.2600	617502.5600	1792.0000	1792.0000	1792.0000	234.7415	234.0700	234.4058	941.9719	943.4259	942.6989	4.629317359e-03	4.625353795e-03	4.627335577e-03	2.033610184e-06	1.931366685e-06	1.981545928e-06	3.073183e-02	5.264036e-02	4.167979e-02
618502.5400	618503.3400	618502.5400	1792.0000	1792.0000	1792.0000	235.2024	234.1497	234.6761	938.3148	939.3950	938.8549	4.639287211e-03	4.636342392e-03	4.637814802e-03	7.910333481e-07	1.688123534e-06	1.239218496e-06	3.214412e-02	5.445025e-02	4.329014e-02
619502.5200	619503.3000	619502.5200	1792.0000	1792.0000	1792.0000	235.1756	234.2491	234.7123	933.5889	935.2725	934.4307	4.652170668e-03	4.647580894e-03	4.649875781e-03	2.462060691e-06	1.696133013e-06	2.078645612e-06	3.377063e-02	5.614231e-02	4.494904e-02
620502.5000	620503.3400	620502.5000	1792.0000	1792.0000	1792.0000	235.8851	234.2737	235.0794	930.1444	931.5279	930.8361	4.661560909e-03	4.657789262e-03	4.659675085e-03	6.398726869e-07	6.731100866e-07	6.563980896e-07	3.532157e-02	5.732698e-02	4.631653e-02
621502.5000	621503.3600	621502.5000	1792.0000	1792.0000	1792.0000	235.5181	234.1546	234.8364	925.5678	927.2651	926.4165	4.674037198e-03	4.669410129e-03	4.671723663e-03	1.903507987e-06	1.062810676e-06	1.483199359e-06	3.659326e-02	5.819496e-02	4.738633e-02
622502.4400	622503.3200	622502.4400	1792.0000	1792.0000	1792.0000	235.3596	234.4500	234.9048	921.3330	923.1702	922.2516	4.685581900e-03	4.680573312e-03	4.683077606e-03	2.236229507e-06	9.955016158e-07	1.616038912e-06	3.866300e-02	5.922407e-02	4.893586e-02
623502.5200	623503.3800	623502.5200	1792.0000	1792.0000	1792.0000	235.1727	234.4455	234.8091	917.6429	918.7889	918.2159	4.695641637e-03	4.692517357e-03	4.694079497e-03	1.082415834e-06	1.707930428e-06	1.395255189e-06	4.032246e-02	6.057587e-02	5.044163e-02
624502.4600	624503.2600	624502.4600	1792.0000	1792.0000	1792.0000	235.6673	234.2619	234.9646	913.7942	914.6892	914.2417	4.706133519e-03	4.703693656e-03	4.704913588e-03	3.623174802e-07	1.654635891e-06	1.008242829e-06	4.104478e-02	6.225695e-02	5.164330e-02
625502.5000	625503.2400	625502.5000	1792.0000	1792.0000	1792.0000	235.4476	234.3122	234.8799	909.4327	910.6361	910.0344	4.718023657e-03	4.714742820e-03	4.716383239e-03	1.039353561e-06	1.473082910e-06	1.255668466e-06	4.174565e-02	6.382078e-02	5.277530e-02
626502.5000	626503.2800	626502.5000	1792.0000	1792.0000	1792.0000	235.4127	234.6539	235.0333	905.1963	906.8686	906.0324	4.729572546e-03	4.725013603e-03	4.727293075e-03	1.375589090e-06	5.124750117e-07	9.437279152e-07	4.295312e-02	6.481360e-02	5.387500e-02
627502.5000	627503.2400	627502.5000	1792.0000	1792.0000	1792.0000	235.4592	234.6309	235.0450	900.8327	902.8295	901.8311	4.741468201e-03	4.736024641e-03	4.738746421e-03	2.058590355e-06	2.930202293e-07	1.175297553e-06	4.467021e-02	6.521633e-02	5.493451e-02
628502.4800	628503.2400	628502.4800	1792.0000	1792.0000	1792.0000	235.6038	234.8903	235.2470	896.5817	898.4334	897.5076	4.753056881e-03	4.748008969e-03	4.750532925e-03	2.434841248e-06	1.046406868e-06	1.740249643e-06	4.691688e-02	6.588604e-02	5.639226e-02
629502.5400	629503.2200	629502.5400	1792.0000	1792.0000	1792.0000	236.3171	234.8528	235.5850	893.2272	894.2035	893.7154	4.762201620e-03	4.759540248e-03	4.760870934e-03	3.662535309e-07	1.346968600e-06	8.558084284e-07	4.831751e-02	6.708271e-02	5.769037e-02
630502.5600	630503.2600	630502.5600	1792.0000	1792.0000	1792.0000	235.6315	234.9059	235.2687	888.9788	889.9745	889.4767	4.773783255e-03	4.771068975e-03	4.772426115e-03	7.350112047e-07	1.644304753e-06	1.188988667e-06	4.886815e-02	6.857840e-02	5.871278e-02
631502.5600	631503.2200	631502.5600	1792.0000	1792.0000	1792.0000	235.4715	234.8894	235.1805	884.6773	886.0677	885.3725	4.785509835e-03	4.781719383e-03	4.783614609e-03	1.248937717e-06	1.064219978e-06	1.155705932e-06	4.986013e-02	6.993261e-02	5.988513e-02
632502.5800	632503.2200	632502.5800	1792.0000	1792.0000	1792.0000	235.7691	234.5410	235.1551	881.0953	881.9603	881.5278	4.795274664e-03	4.792916636e-03	4.794095650e-03	-1.991107472e-07	1.030531643e-06	4.147462383e-07	5.038505e-02	7.097999e-02	6.067037e-02
633502.6000	633503.2400	633502.6000	1792.0000	1792.0000	1792.0000	235.8639	234.7755	235.3197	876.5233	877.9143	877.2188	4.807738564e-03	4.803946552e-03	4.805842558e-03	1.051911178e-06	8.292810037e-07	9.396528966e-07	5.081146e-02	7.190991e-02	6.134759e-02
634502.6000	634503.2400	634502.6000	1792.0000	1792.0000	1792.0000	236.1020	234.7135	235.4078	872.6878	874.1470	873.4174	4.818194612e-03	4.814216684e-03	4.816205648e-03	2.953053344e-07	-1.315284703e-07	8.096625259e-08	5.148507e-02	7.225879e-02	6.185790e-02
635502.5400	635503.2600	635502.5400	1792.0000	1792.0000	1792.0000	235.8148	234.8735	235.3442	868.1603	869.4352	868.7977	4.830536987e-03	4.827061632e-03	4.828799309e-03	1.425699294e-06	1.482253381e-06	1.453524409e-06	5.234552e-02	7.293416e-02	6.262510e-02
636502.5200	636503.2600	636502.5200	1792.0000	1792.0000	1792.0000	236.1015	234.6667	235.3841	864.1236	865.9050	865.0143	4.841541490e-03	4.836685336e-03	4.839113413e-03	1.217773766e-06	-1.249843754e-07	5.460760911e-07	5.366723e-02	7.361280e-02	6.362488e-02
637502.5000	637503.2800	637502.5000	1792.0000	1792.0000	1792.0000	236.0761	235.0420	235.5590	859.6943	861.6506	860.6724	4.853616340e-03	4.848283345e-03	4.850949842e-03	2.080194016e-06	2.418581797e-07	1.160953127e-06	5.531618e-02	7.367124e-02	6.447837e-02
638502.5000	638503.3200	638502.5000	1792.0000	1792.0000	1792.0000	236.3322	235.1398	235.7360	855.9671	857.5602	856.7637	4.863777134e-03	4.859434035e-03	4.861605584e-03	1.028334306e-06	1.611572568e-07	5.949184445e-07	5.687044e-02	7.387275e-02	6.535631e-02
639502.6200	639503.2600	639502.6200	1792.0000	1792.0000	1792.0000	236.1711	235.0647	235.6179	851.7826	853.2023	852.4924	4.875184601e-03	4.871314346e-03	4.873249474e-03	1.221802317e-06	8.112010319e-07	1.015684571e-06	5.799565e-02	7.435890e-02	6.616171e-02
640502.6800	640503.2400	640502.6800	1792.0000	1792.0000	1792.0000	235.9363	235.3205	235.6284	847.4581	848.8729	848.1655	4.886973590e-03	4.883116775e-03	4.885045182e-03	1.797465239e-06	1.382912600e-06	1.588943594e-06	5.950537e-02	7.545594e-02	6.746410e-02
641502.6200	641503.2000	641502.6200	1792.0000	1792.0000	1792.0000	236.5595	235.0523	235.8059	843.5256	844.8022	844.1639	4.897693851e-03	4.894213731e-03	4.895953791e-03	1.305745449e-06	1.249376511e-06	1.276448977e-06	6.105688e-02	7.677203e-02	6.889671e-02
642502.5200	642503.1800	642502.5200	1792.0000	1792.0000	1792.0000	236.4366	234.8858	235.6612	839.6983	841.2369	840.4676	4.908127654e-03	4.903933200e-03	4.906030427e-03	5.280168126e-07	-2.618724580e-07	1.324304254e-07	6.197367e-02	7.726577e-02	6.960108e-02
643502.6200	643503.1600	643502.6200	1792.0000	1792.0000	1792.0000	236.0180	235.3769	235.6974	835.8884	836.7429	836.3157	4.918513688e-03	4.916184213e-03	4.917348950e-03	-2.997246771e-07	7.584239005e-07	2.280550204e-07	6.208783e-02	7.751404e-02	6.978134e-02
644502.5600	644503.1200	644502.5600	1792.0000	1792.0000	1792.0000	236.0520	235.3580	235.7050	832.0906	832.9017	832.4961	4.928867048e-03	4.926655904e-03	4.927761476e-03	-1.158344998e-06	-3.779957337e-10	-5.805227651e-07	6.135884e-02	7.789305e-02	6.960512e-02
645502.5800	645503.2000	645502.5800	1792.0000	1792.0000	1792.0000	236.2824	235.4420	235.8622	827.6909	828.3471	828.0190	4.940860927e-03	4.939072167e-03	4.939966547e-03	-3.773440897e-07	1.184045470e-06	4.025473656e-07	6.059098e-02	7.848493e-02	6.951613e-02
646502.6600	646503.2400	646502.6600	1792.0000	1792.0000	1792.0000	236.6954	235.3082	236.0018	823.5417	824.5819	824.0618	4.952172245e-03	4.949336501e-03	4.950754373e-03	-2.795766411e-07	2.169887407e-07	-3.230087684e-08	6.026249e-02	7.918548e-02	6.970127e-02
647502.5800	647503.3000	647502.5800	1792.0000	1792.0000	1792.0000	236.7284	235.4705	236.0994	819.2648	820.7106	819.9877	4.963831361e-03	4.959889979e-03	4.961860670e-03	1.677835784e-07	-4.611493078e-07	-1.468826121e-07	6.020660e-02	7.906339e-02	6.961168e-02
648502.5800	648503.2800	648502.5800	1792.0000	1792.0000	1792.0000	236.0775	235.5592	235.8183	815.2971	816.2863	815.7917	4.974647674e-03	4.971951100e-03	4.973299387e-03	-2.285573673e-07	3.692543273e-07	7.005743811e-08	6.017621e-02	7.901744e-02	6.957327e-02
649502.6000	649503.2600	649502.6000	1792.0000	1792.0000	1792.0000	236.6090	234.9401	235.7745	810.8821	812.4540	811.6681	4.986683359e-03	4.982398276e-03	4.984540818e-03	5.942496431e-07	-4.142859030e-07	8.948722476e-08	6.035906e-02	7.899493e-02	6.965304e-02
650502.6200	650503.2800	650502.6200	1792.0000	1792.0000	1792.0000	236.5022	235.5671	236.0347	807.0641	807.9437	807.5039	4.997091619e-03	4.994693787e-03	4.995892703e-03	-2.103676039e-07	6.500583849e-07	2.193717606e-07	6.055101e-02	7.911282e-02	6.980747e-02
651502.5600	651503.2600	651502.5600	1792.0000	1792.0000	1792.0000	236.6870	235.1516	235.9193	802.9208	804.1010	803.5109	5.008386762e-03	5.005169356e-03	5.006778059e-03	-1.272054880e-07	-1.050898442e-07	-1.163756635e-07	6.038223e-02	7.938529e-02	6.985897e-02
652502.5400	652503.2800	652502.5400	1792.0000	1792.0000	1792.0000	236.4929	234.7343	235.6136	799.5652	800.4172	799.9912	5.017534304e-03	5.015211804e-03	5.016373054e-03	-2.192093089e-06	-1.293807789e-06	-1.742932803e-06	5.922261e-02	7.868583e-02	6.892933e-02
653502.5200	653503.2600	653502.5200	1792.0000	1792.0000	1792.0000	236.5041	234.9610	235.7326	795.2226	796.5010	795.8618	5.029372602e-03	5.025887781e-03	5.027630191e-03	-1.566224489e-06	-1.848548031e-06	-1.707347609e-06	5.734349e-02	7.711469e-02	6.720423e-02
654502.5200	654503.2400	654502.5200	1792.0000	1792.0000	1792.0000	236.6412	235.1247	235.8830	790.8267	792.4900	791.6584	5.041356316e-03	5.036822042e-03	5.039089179e-03	-7.951633746e-07	-2.145004365e-06	-1.470136514e-06	5.616279e-02	7.511795e-02	6.561549e-02
655502.5200	655503.2200	655502.5200	1792.0000	1792.0000	1792.0000	236.7613	236.3749	236.5681	787.0530	787.9867	787.5199	5.051643688e-03	5.049098554e-03	5.050371121e-03	-1.720445436e-06	-1.099209546e-06	-1.409971429e-06	5.490499e-02	7.349587e-02	6.417543e-02
656502.5400	656503.2000	656502.5400	1792.0000	1792.0000	1792.0000	236.9937	235.1832	236.0885	783.0040	783.5104	783.2572	5.062681821e-03	5.061301176e-03	5.061991498e-03	-1.895190303e-06	-1.273046728e-07	-1.011595030e-06	5.309713e-02	7.288263e-02	6.296462e-02
657502.5400	657503.2200	657502.5400	1792.0000	1792.0000	1792.0000	237.2358	236.3419	236.7888	778.7461	779.3377	779.0419	5.074289284e-03	5.072676359e-03	5.073482822e-03	-1.500380341e-06	1.671264510e-08	-7.420480652e-07	5.139935e-02	7.282733e-02	6.208780e-02
658502.5600	658503.2800	658502.5600	1792.0000	1792.0000	1792.0000	236.9471	236.4813	236.7142	774.5326	775.4023	774.9675	5.085775627e-03	5.083404523e-03	5.084590075e-03	-1.226914896e-06	-4.867387665e-07	-8.567954141e-07	5.003567e-02	7.259231e-02	6.128837e-02
659502.6600	659503.2800	659502.6600	1791.9800	1792.0000	1791.9900	237.7620	236.6388	237.2004	770.0645	771.3698	770.7172	5.097955976e-03	5.094397544e-03	5.096176760e-03	-2.603406681e-07	-7.246598491e-07	-4.930093717e-07	4.929197e-02	7.198661e-02	6.061340e-02
660502.6400	660503.3200	660502.6400	1792.0000	1792.0000	1792.0000	237.5083	237.0826	237.2954	766.8277	767.5532	767.1905	5.106779648e-03	5.104801943e-03	5.105790795e-03	-2.649098414e-06	-1.551651694e-06	-2.100526224e-06	4.783728e-02	7.084840e-02	5.931665e-02
661502.5800	661503.3800	661502.5800	1792.0000	1792.0000	1792.0000	237.6023	236.5485	237.0754	762.3508	763.5948	762.9728	5.118984166e-03	5.115592804e-03	5.117288485e-03	-1.656560823e-06	-1.992406325e-06	-1.823939874e-06	4.568458e-02	6.907627e-02	5.735454e-02
662502.7000	662503.4200	662502.7000	1792.0000	1792.0000	1792.0000	237.4523	236.0570	236.7547	758.5623	759.5340	759.0482	5.129311793e-03	5.126662914e-03	5.127987353e-03	-2.542932517e-06	-2.153687560e-06	-2.348194559e-06	4.358458e-02	6.700314e-02	5.526822e-02
663502.6600	663503.4600	663502.6600	1792.0000	1792.0000	1792.0000	236.6211	235.6174	236.1192	754.5827	754.7282	754.6555	5.140160522e-03	5.139764012e-03	5.139962267e-03	-2.906408570e-06	-2.839795236e-07	-1.594608315e-06	4.086002e-02	6.578426e-02	5.329690e-02
664502.6800	664503.4000	664502.6800	1792.0000	1792.0000	1792.0000	236.1570	236.3491	236.2530	749.6756	751.0371	750.3563	5.153537855e-03	5.149826290e-03	5.151682073e-03	-7.419541129e-07	-1.451969426e-06	-1.096804260e-06	3.903580e-02	6.491633e-02	5.195116e-02
665502.6200	665503.4200	665502.6200	1792.0000	1792.0000	1792.0000	237.6746	236.2706	236.9726	745.9061	747.1045	746.5053	5.163813710e-03	5.160546844e-03	5.162180277e-03	-1.678079756e-06	-1.962581836e-06	-1.819703035e-06	3.782586e-02	6.320902e-02	5.049300e-02
666502.5600	666503.4800	666502.5600	1792.0000	1792.0000	1792.0000	237.1351	236.8494	236.9922	742.2970	742.9195	742.6083	5.173652251e-03	5.171955337e-03	5.172803794e-03	-3.051519231e-06	-1.785704613e-06	-2.417289291e-06	3.546120e-02	6.133477e-02	4.837463e-02
667502.6800	667503.4800	667502.6800	1792.0000	1792.0000	1792.0000	237.4297	236.3108	236.8703	738.0357	738.6907	738.3632	5.185268983e-03	5.183483300e-03	5.184376142e-03	-2.648786300e-06	-1.488683040e-06	-2.068064878e-06	3.261071e-02	5.969758e-02	4.613168e-02
668502.7600	668503.5000	668502.7600	1792.0000	1792.0000	1792.0000	236.8626	236.0289	236.4457	733.5077	735.1204	734.3141	5.197612584e-03	5.193216263e-03	5.195414424e-03	-1.518735549e-06	-2.986886207e-06	-2.252456998e-06	3.052678e-02	5.745975e-02	4.397125e-02
669502.7800	669503.4800	669502.7800	1792.0200	1792.0000	1792.0100	237.4060	235.8755	236.6407	730.1098	730.7111	730.4104	5.206875589e-03	5.205236525e-03	5.206056057e-03	-3.468608869e-06	-2.197341344e-06	-2.832824830e-06	2.803306e-02	5.486768e-02	4.142856e-02
670502.8000	670503.4200	670502.8000	1792.0000	1792.0000	1792.0000	237.3589	236.1210	236.7400	725.6427	726.4786	726.0606	5.219053326e-03	5.216774516e-03	5.217913921e-03	-2.503748950e-06	-1.889618310e-06	-2.196961575e-06	2.504682e-02	5.282433e-02	3.891361e-02
671502.8000	671503.4400	671502.8000	1792.0000	1792.0000	1792.0000	236.7570	236.6299	236.6935	721.3874	723.6907	722.5390	5.230653610e-03	5.224374414e-03	5.227514012e-03	-2.116118815e-06	-5.520886631e-06	-3.818647344e-06	2.273688e-02	4.911900e-02	3.590581e-02
672502.8000	672503.4400	672502.8000	1792.0000	1792.0000	1792.0000	237.9408	236.2199	237.0804	717.3441	718.6672	718.0057	5.241675662e-03	5.238068940e-03	5.239872301e-03	-2.306720034e-06	-3.057302787e-06	-2.682135016e-06	2.052546e-02	4.482991e-02	3.265542e-02
673502.7600	673503.4400	673502.7600	1791.9800	1792.0000	1791.9900	237.7352	236.6231	237.1792	712.7756	714.6829	713.7292	5.254129958e-03	5.248930423e-03	5.251530190e-03	-1.064629437e-06	-3.426761617e-06	-2.245573500e-06	1.883986e-02	4.158787e-02	3.019166e-02
674502.7600	674503.3800	674502.7600	1792.0000	1792.0000	1792.0000	237.6140	237.3394	237.4767	708.8093	710.5431	709.6762	5.264942254e-03	5.260215746e-03	5.262579000e-03	-1.464986840e-06	-3.371706304e-06	-2.418540458e-06	1.757505e-02	3.818884e-02	2.785961e-02
675502.7800	675503.4200	675502.7800	1792.0000	1792.0000	1792.0000	237.7118	236.9050	237.3084	705.3482	706.6333	705.9908	5.274377345e-03	5.270874191e-03	5.272625768e-03	-3.242774028e-06	-3.944652057e-06	-3.593773604e-06	1.522112e-02	3.453052e-02	2.485339e-02
676502.7800	676503.4000	676502.7800	1792.0000	1792.0000	1792.0000	237.1394	237.2398	237.1896	701.1936	702.4578	701.8257	5.285703166e-03	5.282256962e-03	5.283980064e-03	-3.129605948e-06	-3.792597668e-06	-3.461253663e-06	1.203493e-02	3.066197e-02	2.132588e-02
677502.7000	677503.4000	677502.7000	1792.0000	1792.0000	1792.0000	237.4637	236.7516	237.1076	697.3207	698.7291	698.0249	5.296260955e-03	5.292421525e-03	5.294341240e-03	-3.783573337e-06	-4.858976308e-06	-4.320956427e-06	8.578617e-03	2.633618e-02	1.743508e-02
678502.7000	678503.4400	678502.7000	1792.0000	1792.0000	1792.0000	236.6548	236.9680	236.8114	692.7297	694.0237	693.3767	5.308776224e-03	5.305248681e-03	5.307012453e-03	-2.480957768e-06	-3.263211490e-06	-2.871520600e-06	5.446352e-03	2.227493e-02	1.383884e-02
679502.7000	679503.4400	679502.7000	1792.0000	1792.0000	1792.0000	237.1238	236.7051	236.9145	688.8840	690.0137	689.4489	5.319259831e-03	5.316180095e-03	5.317719963e-03	-3.210004457e-06	-3.562738817e-06	-3.385786593e-06	2.600871e-03	1.886195e-02	1.071019e-02
680502.7800	680503.4200	680502.7800	1792.0000	1792.0000	1792.0000	236.7660	236.8003	236.7832	684.9464	685.7789	685.3626	5.329994041e-03	5.327724582e-03	5.328859311e-03	-3.689344661e-06	-3.248969833e-06	-3.469112733e-06	-8.490798e-04	1.545617e-02	7.282466e-03
681502.8000	681503.4400	681502.8000	1792.0000	1792.0000	1792.0000	237.2894	237.1508	237.2201	680.5123	681.5234	681.0178	5.342081592e-03	5.339325297e-03	5.340703444e-03	-2.814672056e-06	-2.879420574e-06	-2.846980786e-06	-4.101153e-03	1.239191e-02	4.124356e-03
682502.8200	682503.4400	682502.8200	1792.0000	1792.0000	1792.0000	237.1937	237.0451	237.1194	676.1395	677.5032	676.8213	5.354002145e-03	5.350284566e-03	5.352143355e-03	-2.106997077e-06	-3.151093753e-06	-2.629071180e-06	-6.562037e-03	9.376652e-03	1.386275e-03
683502.7200	683503.4400	683502.7200	1792.0000	1792.0000	1792.0000	237.1604	237.0203	237.0904	671.6078	673.5876	672.5977	5.366355859e-03	5.360958695e-03	5.363657277e-03	-9.648150512e-07	-3.707906175e-06	-2.335803818e-06	-8.097789e-03	5.947152e-03	-1.095914e-03
684502.7200	684503.4200	684502.7200	1792.0000	1792.0000	1792.0000	237.6536	236.7949	237.2242	667.7182	669.0964	668.4073	5.376959103e-03	5.373201986e-03	5.375080544e-03	-1.574224755e-06	-2.695332044e-06	-2.134312899e-06	-9.367309e-03	2.745597e-03	-3.330973e-03
685502.8200	685503.4600	685502.8200	1792.0000	1792.0000	1792.0000	237.6333	236.9217	237.2775	663.4487	665.0612	664.2549	5.388597925e-03	5.384202166e-03	5.386400045e-03	-1.149177240e-06	-2.926543012e-06	-2.037710537e-06	-1.072915e-02	-6.545289e-05	-5.417193e-03
686502.8400	686503.4800	686502.8400	1792.0000	1792.0000	1792.0000	238.3113	237.1236	237.7175	659.1907	660.6605	659.9256	5.400205349e-03	5.396198535e-03	5.398201942e-03	-7.546308962e-07	-2.161340505e-06	-1.457815096e-06	-1.168107e-02	-2.609446e-03	-7.164991e-03
687502.8400	687503.5000	687502.8400	1792.0000	1792.0000	1792.0000	237.2523	237.0900	237.1712	654.8763	656.4649	655.6706	5.411966622e-03	5.407636164e-03	5.409801393e-03	-2.060116908e-07	-1.954877840e-06	-1.080140836e-06	-1.216139e-02	-4.667596e-03	-8.433969e-03
688502.9000	688503.5200	688502.9000	1792.0000	1792.0000	1792.0000	237.4490	236.6900	237.0695	650.9036	651.8771	651.3904	5.422796412e-03	5.420142685e-03	5.421469549e-03	-5.895475283e-07	-6.795225319e-07	-6.344347035e-07	-1.255919e-02	-5.984822e-03	-9.291308e-03
689502.8800	689503.4400	689502.8800	1792.0000	1791.9800	1791.9900	237.6685	236.8698	237.2692	646.9358	647.7544	647.3451	5.433612886e-03	5.431381335e-03	5.432497110e-03	-9.855030413e-07	-6.709161626e-07	-8.284251890e-07	-1.334670e-02	-6.659988e-03	-1.002272e-02
690502.9600	690503.4200	690502.9600	1791.9800	1792.0000	1791.9900	237.6305	237.0659	237.3482	643.1538	644.2606	643.7072	5.443922793e-03	5.440905675e-03	5.442414234e-03	-1.889146880e-06	-2.377293293e-06	-2.133976204e-06	-1.478414e-02	-8.184062e-03	-1.150404e-02
691502.9600	691503.4000	691502.9600	1792.0000	1792.0000	1792.0000	237.5960	237.2079	237.4019	638.9458	639.6958	639.3208	5.455393890e-03	5.453349335e-03	5.454371612e-03	-1.630703197e-06	-1.164350462e-06	-1.398374241e-06	-1.654407e-02	-9.954848e-03	-1.327022e-02
692502.9200	692503.3400	692502.9200	1792.0000	1792.0000	1792.0000	237.3596	237.0963	237.2280	634.2152	635.5552	634.8852	5.468289904e-03	5.464636936e-03	5.466463420e-03	5.310571797e-08	-1.107016561e-06	-5.278941285e-07	-1.733284e-02	-1.109046e-02	-1.423331e-02
693502.8600	693503.3600	693502.8600	1792.0000	1792.0000	1792.0000	237.7612	237.4915	237.6264	629.9749	631.5809	630.7779	5.479849077e-03	5.475471064e-03	5.477660070e-03	4.002978183e-07	-1.504055793e-06	-5.523474434e-07	-1.710615e-02	-1.239603e-02	-1.477340e-02
694502.8400	694503.3000	694502.8400	1792.0000	1792.0000	1792.0000	237.2957	238.3201	237.8079	626.1102	627.2529	626.6816	5.490384253e-03	5.487269207e-03	5.488826730e-03	-2.769549574e-07	-9.361799357e-07	-6.072395066e-07	-1.704448e-02	-1.361607e-02	-1.535318e-02
695502.8200	695503.3200	695502.8200	1792.0000	1792.0000	1792.0000	238.1257	237.1415	237.6336	622.1055	622.6148	622.3602	5.501301187e-03	5.499912819e-03	5.500607003e-03	-5.724507122e-07	4.762657441e-07	-4.851891072e-08	-1.746917e-02	-1.384603e-02	-1.568106e-02
696502.8200	696503.3400	696502.8200	1792.0000	1792.0000	1792.0000	237.2587	237.2093	237.2340	617.9688	618.6285	618.2986	5.512578065e-03	5.510779844e-03	5.511678954e-03	-5.082258082e-07	1.121242806e-07	-1.983438661e-07	-1.800951e-02	-1.355183e-02	-1.580449e-02
697502.8400	697503.3400	697502.8400	1792.0000	1792.0000	1792.0000	237.6266	237.1146	237.3706	614.1440	614.9281	614.5360	5.523004747e-03	5.520867261e-03	5.521936004e-03	-1.294422008e-06	-1.031400687e-06	-1.163295744e-06	-1.891085e-02	-1.401147e-02	-1.648532e-02
698502.8200	698503.3800	698502.8200	1792.0000	1792.0000	1792.0000	237.9883	237.4628	237.7256	608.9541	610.6942	609.8242	5.537152374e-03	5.532408813e-03	5.534780593e-03	1.640776045e-06	-7.212396387e-07	4.597417495e-07	-1.873768e-02	-1.488782e-02	-1.683709e-02
699502.7800	699503.3800	699502.7800	1792.0000	1792.0000	1792.0000	237.7513	237.3121	237.5317	605.3362	606.4403	605.8882	5.547014998e-03	5.544005250e-03	5.545510124e-03	2.911948606e-07	-3.557443880e-07	-3.205558420e-08	-1.777173e-02	-1.542632e-02	-1.662326e-02
700502.7400	700503.4200	700502.7400	1792.0000	1792.0000	1792.0000	237.5206	236.6958	237.1082	601.4625	602.0849	601.7737	5.557574864e-03	5.555878188e-03	5.556726526e-03	-3.611432748e-07	2.858031502e-07	-3.698063097e-08	-1.780670e-02	-1.546129e-02	-1.665777e-02
701502.6200	701503.3800	701502.6200	1792.0000	1792.0000	1792.0000	237.6294	237.2557	237.4426	597.5969	598.7011	598.1490	5.568112621e-03	5.565102532e-03	5.566607576e-03	-1.034694910e-06	-1.720345795e-06	-1.376360671e-06	-1.850454e-02	-1.617853e-02	-1.736436e-02
702502.5800	702503.3200	702502.5800	1792.0000	1792.0000	1792.0000	237.5046	236.9842	237.2444	593.5724	594.3035	593.9380	5.579083550e-03	5.577090394e-03	5.578086972e-03	-1.275970808e-06	-9.627507943e-07	-1.118292415e-06	-1.965983e-02	-1.752000e-02	-1.861164e-02
703502.5130	703503.4000	703502.5130	1792.0000	1792.0000	1792.0000	238.2431	236.7717	237.5074	588.9766	590.1217	589.5491	5.591611712e-03	5.588490294e-03	5.590051003e-03	4.028943252e-08	-7.946913927e-07	-3.752859306e-07	-2.027763e-02	-1.839879e-02	-1.935837e-02
704502.5400	704503.4200	704502.5400	1792.0000	1792.0000	1792.0000	237.7549	236.8390	237.2969	585.1064	585.8672	585.4868	5.602162170e-03	5.600087982e-03	5.601125076e-03	-6.222088629e-07	-4.281693226e-07	-5.232925115e-07	-2.056859e-02	-1.901023e-02	-1.980768e-02
705502.5800	705503.4200	705502.5800	1792.0000	1792.0000	1792.0000	238.2118	236.9772	237.5945	580.6755	581.5710	581.1233	5.614240736e-03	5.611799649e-03	5.613020193e-03	2.432550553e-07	5.255609379e-08	1.495985528e-07	-2.075808e-02	-1.919804e-02	-1.999453e-02
706502.6400	706503.3600	706502.6400	1792.0000	1792.0000	1792.0000	238.1710	237.3694	237.7702	576.1771	577.2566	576.7169	5.626503463e-03	5.623560838e-03	5.625032150e-03	1.292655545e-06	5.834763917e-07	9.391061065e-07	-1.999008e-02	-1.888004e-02	-1.945015e-02
707502.6600	707503.4000	707502.6600	1792.0000	1792.0000	1792.0000	237.8749	236.8544	237.3646	572.2597	573.5324	572.8961	5.637182407e-03	5.633713003e-03	5.635447705e-03	7.587214966e-07	-4.957491127e-07	1.326596547e-07	-1.896437e-02	-1.883618e-02	-1.891425e-02
708502.6000	708503.3800	708502.6000	1792.0000	1792.0000	1792.0000	237.6918	237.0931	237.3924	568.1634	569.4299	568.7967	5.648349180e-03	5.644896420e-03	5.646622800e-03	7.135142520e-07	-5.430489762e-07	8.665173325e-08	-1.822829e-02	-1.935557e-02	-1.880460e-02
709502.6000	709503.3200	709502.6000	1792.0000	1792.0000	1792.0000	237.4922	237.6705	237.5813	563.9703	565.3243	564.6473	5.659779596e-03	5.656088616e-03	5.657934106e-03	9.312762691e-07	-5.811209711e-07	1.761808311e-07	-1.740590e-02	-1.991762e-02	-1.867319e-02
710502.6000	710503.3800	710502.6000	1792.0000	1792.0000	1792.0000	237.5793	236.8973	237.2383	559.9609	561.3826	560.6718	5.670709141e-03	5.666833673e-03	5.668771407e-03	6.481676346e-07	-1.067679204e-06	-2.082946593e-07	-1.661618e-02	-2.074207e-02	-1.868924e-02
711502.5200	711503.3200	711502.5200	1792.0000	1792.0000	1792.0000	237.5506	238.3054	237.9280	555.9254	556.3628	556.1441	5.681710060e-03	5.680517730e-03	5.681113895e-03	4.373309276e-07	1.386109849e-06	9.133148361e-07	-1.607347e-02	-2.058286e-02	-1.833676e-02
712502.5200	712503.3400	712502.5200	1792.0000	1792.0000	1792.0000	237.5306	237.4542	237.4924	552.3008	552.6481	552.4744	5.691590768e-03	5.690644126e-03	5.691117447e-03	-8.946150406e-07	2.813393142e-07	-3.049100908e-07	-1.630211e-02	-1.974912e-02	-1.803256e-02
713502.5800	713503.3000	713502.5800	1792.0000	1792.0000	1792.0000	237.1295	238.0075	237.5685	547.8464	548.3516	548.0990	5.703733539e-03	5.702356401e-03	5.703044970e-03	3.482972771e-08	7.631214733e-07	4.001628421e-07	-1.673203e-02	-1.922691e-02	-1.798493e-02
714502.5800	714503.3600	714502.5800	1792.0000	1792.0000	1792.0000	236.7909	238.2615	237.5262	543.2388	544.3229	543.7809	5.716293905e-03	5.713338648e-03	5.714816276e-03	1.382541935e-06	5.137530189e-07	9.496926619e-07	-1.602335e-02	-1.858843e-02	-1.731000e-02
715502.6400	715503.3600	715502.6400	1792.0000	1792.0000	1792.0000	237.7262	237.6148	237.6705	539.3773	541.4012	540.3893	5.726820395e-03	5.721303232e-03	5.724061813e-03	6.957055031e-07	-2.752604049e-06	-1.027220000e-06	-1.498416e-02	-1.970786e-02	-1.734877e-02
716502.6400	716503.3400	716502.6400	1792.0000	1792.0000	1792.0000	237.7499	237.1155	237.4327	535.1327	537.0666	536.0997	5.738391203e-03	5.733119339e-03	5.735755271e-03	1.053860008e-06	-2.167214075e-06	-5.555390552e-07	-1.410938e-02	-2.216772e-02	-1.814015e-02
717502.6200	717503.3600	717502.6200	1792.0000	1792.0000	1792.0000	237.4348	237.9038	237.6693	530.5386	532.8334	531.6860	5.750914707e-03	5.744659028e-03	5.747786868e-03	2.364935602e-06	-1.858691290e-06	2.545057676e-07	-1.240001e-02	-2.418071e-02	-1.829066e-02
718502.6000	718503.3800	718502.6000	1792.0000	1792.0000	1792.0000	237.2340	237.9398	237.5869	527.6141	528.5234	528.0688	5.758886971e-03	5.756408172e-03	5.757647571e-03	-8.752298791e-07	-1.340714318e-06	-1.106342853e-06	-1.165518e-02	-2.578045e-02	-1.871657e-02
719502.6200	719503.3400	719502.6200	1792.0000	1792.0000	1792.0000	237.2933	237.4348	237.3640	522.8237	525.0649	523.9443	5.771945631e-03	5.765836001e-03	5.768890816e-03	9.705522448e-07	-3.143377538e-06	-1.085099314e-06	-1.160751e-02	-2.802240e-02	-1.981231e-02
720502.6000	720503.3600	720502.6000	1792.0000	1792.0000	1792.0000	237.9344	237.3246	237.6295	519.0359	520.0823	519.5591	5.782271214e-03	5.779418695e-03	5.780844955e-03	8.370631012e-08	-7.918498300e-07	-3.525127942e-07	-1.108039e-02	-2.999006e-02	-2.053111e-02
721502.5800	721503.3600	721502.5800	1792.0000	1792.0000	1792.0000	237.0562	237.5651	237.3107	515.9234	516.2108	516.0671	5.790755927e-03	5.789972328e-03	5.790364128e-03	-2.644010511e-06	-1.469157928e-06	-2.054891930e-06	-1.236052e-02	-3.112056e-02	-2.173478e-02
722502.6200	722503.3400	722502.6200	1792.0000	1792.0000	1792.0000	237.7116	237.3588	237.5352	511.7497	512.0428	511.8963	5.802133276e-03	5.801334465e-03	5.801733871e-03	-2.479763079e-06	-1.337738550e-06	-1.907374438e-06	-1.492251e-02	-3.252398e-02	-2.371600e-02
723502.6400	723503.2800	723502.6400	1792.0000	1792.0000	1792.0000	237.8634	237.4117	237.6376	507.4681	507.7171	507.5926	5.813804931e-03	5.813126261e-03	5.813465596e-03	-2.020985754e-06	-7.762102020e-07	-1.397649823e-06	-1.717293e-02	-3.358089e-02	-2.536854e-02
724502.7800	724503.2400	724502.7800	1792.0000	1792.0000	1792.0000	237.8848	237.5478	237.7163	502.8644	503.4802	503.1723	5.826354747e-03	5.824675952e-03	5.825515349e-03	-6.853935640e-07	-4.570122125e-07	-5.712445000e-07	-1.852631e-02	-3.419748e-02	-2.635313e-02
725502.7600	725503.2600	725502.7600	1792.0000	1792.0000	1792.0000	237.9534	239.2841	238.6187	499.0952	499.4274	499.2613	5.836629450e-03	5.835723948e-03	5.836176699e-03	-1.623120101e-06	-6.401822165e-07	-1.131447137e-06	-1.968054e-02	-3.474609e-02	-2.720446e-02
726502.7600	726503.2600	726502.7600	1792.0000	1792.0000	1792.0000	238.0023	238.5806	238.2915	494.8249	495.7918	495.3084	5.848270300e-03	5.845634550e-03	5.846952425e-03	-1.194923027e-06	-1.960522107e-06	-1.577497530e-06	-2.108956e-02	-3.604644e-02	-2.855893e-02
727502.7800	727503.2600	727502.7800	1792.0000	1792.0000	1792.0000	237.8831	237.5467	237.7149	490.5864	491.3410	490.9637	5.859824542e-03	5.857767432e-03	5.858795987e-03	-8.535588526e-07	-1.058581889e-06	-9.559366282e-07	-2.211383e-02	-3.755599e-02	-2.982567e-02
728502.7800	728503.3200	728502.7800	1792.0000	1792.0000	1792.0000	237.4568	236.9719	237.2143	487.0184	487.4892	487.2538	5.869550772e-03	5.868267560e-03	5.868909166e-03	-2.339982627e-06	-1.790068732e-06	-2.064533993e-06	-2.371060e-02	-3.898040e-02	-3.133591e-02
729502.8000	729503.3200	729502.8000	1792.0000	1792.0000	1792.0000	236.7908	237.7952	237.2930	482.6604	482.6690	482.6647	5.881430767e-03	5.881407169e-03	5.881418968e-03	-1.672865417e-06	1.185983701e-07	-7.767331315e-07	-2.571706e-02	-3.981614e-02	-3.275657e-02
730502.7400	730503.3200	730502.7400	1792.0000	1792.0000	1792.0000	236.5579	237.5867	237.0723	478.9177	478.5933	478.7555	5.891633195e-03	5.892517671e-03	5.892075433e-03	-2.682418085e-06	-1.841483389e-09	-1.341371451e-06	-2.789457e-02	-3.975776e-02	-3.381556e-02
731502.7800	731503.3200	731502.7800	1792.0000	1792.0000	1792.0000	237.3031	238.7895	238.0463	474.7868	475.6923	475.2396	5.902893945e-03	5.900425800e-03	5.901659873e-03	-2.634769513e-06	-3.324654018e-06	-2.979157035e-06	-3.055327e-02	-4.142101e-02	-3.597591e-02
732502.8400	732503.3600	732502.8400	1792.0000	1792.0000	1792.0000	237.6981	237.5747	237.6364	470.5839	471.3302	470.9570	5.914351169e-03	5.912316836e-03	5.913334003e-03	-2.390872112e-06	-2.665008654e-06	-2.527476946e-06	-3.306624e-02	-4.441596e-02	-3.872939e-02
733502.8000	733503.3000	733502.8000	1792.0000	1792.0000	1792.0000	237.2138	237.0328	237.1233	466.3669	467.2420	466.8044	5.925846585e-03	5.923461210e-03	5.924653897e-03	-2.107661323e-06	-2.750903153e-06	-2.428910096e-06	-3.531542e-02	-4.712375e-02	-4.120748e-02
734502.8200	734503.2200	734502.8200	1792.0000	1792.0000	1792.0000	237.1686	238.1613	237.6649	462.1859	462.5540	462.3700	5.937243885e-03	5.936240422e-03	5.936742154e-03	-1.923238883e-06	-1.201733762e-06	-1.562654712e-06	-3.733091e-02	-4.909991e-02	-4.320331e-02
735502.8400	735503.2400	735502.8400	1792.0000	1792.0000	1792.0000	237.7537	237.1841	237.4689	458.4587	458.8705	458.6646	5.947404229e-03	5.946281745e-03	5.946842987e-03	-2.975772789e-06	-2.391577306e-06	-2.683822422e-06	-3.978046e-02	-5.089660e-02	-4.532659e-02
736502.8200	736503.2600	736502.8200	1792.0000	1792.0000	1792.0000	237.5915	237.0462	237.3189	453.8926	455.2712	454.5819	5.959851359e-03	5.956093390e-03	5.957972375e-03	-1.741071858e-06	-3.811098431e-06	-2.775986885e-06	-4.213884e-02	-5.399800e-02	-4.805644e-02
737502.8000	737503.3000	737502.8000	1792.0000	1792.0000	1792.0000	237.2406	237.0898	237.1652	449.0525	450.6464	449.8495	5.973045422e-03	5.968700332e-03	5.970872877e-03	2.405618081e-07	-2.435547240e-06	-1.097036514e-06	-4.288908e-02	-5.712145e-02	-4.999291e-02
738502.8400	738503.3000	738502.8400	1792.0000	1792.0000	1792.0000	237.5402	237.2148	237.3775	445.4581	445.6461	445.5521	5.982843594e-03	5.982331227e-03	5.982587410e-03	-1.174368660e-06	-3.559452635e-08	-6.047289941e-07	-4.335600e-02	-5.835702e-02	-5.084383e-02
739502.8800	739503.3200	739502.8800	1792.0000	1792.0000	1792.0000	237.4172	236.7244	237.0708	439.1798	441.7198	440.4498	5.999958078e-03	5.993034010e-03	5.996496044e-03	4.727013245e-06	-5.639769338e-07	2.081679462e-06	-4.157961e-02	-5.865681e-02	-5.010532e-02
740502.8800	740503.3000	740502.8800	1792.0000	1792.0000	1792.0000	236.9724	237.6876	237.3300	436.4068	437.7884	437.0976	6.007517162e-03	6.003751088e-03	6.005634125e-03	1.073444586e-06	-1.077616571e-06	-2.015981310e-09	-3.867938e-02	-5.947759e-02	-4.906549e-02
741502.8800	741503.2800	741502.8800	1792.0000	1792.0000	1792.0000	237.8199	237.5376	237.6788	433.3753	434.0324	433.7038	6.015780996e-03	6.013989833e-03	6.014885415e-03	-1.875375176e-06	-2.069588551e-06	-1.972503147e-06	-3.908035e-02	-6.105116e-02	-5.005275e-02
742502.8600	742503.2800	742502.8600	1792.0000	1792.0000	1792.0000	236.7570	237.1030	236.9300	428.5772	429.6043	429.0907	6.028860612e-03	6.026060783e-03	6.027460698e-03	-8.188411874e-09	-1.229580010e-06	-6.187721700e-07	-4.002211e-02	-6.270075e-02	-5.134836e-02
743502.8400	743503.3200	743502.8400	1792.0000	1792.0000	1792.0000	237.2718	237.5318	237.4018	425.0483	425.6974	425.3728	6.038480321e-03	6.036710884e-03	6.037595603e-03	-1.600908446e-06	-1.810869817e-06	-1.705419148e-06	-4.082664e-02	-6.422103e-02	-5.251043e-02
744502.7800	744503.3400	744502.7800	1792.0000	1792.0000	1792.0000	237.3843	236.6424	237.0133	420.5370	421.5915	421.0642	6.050777963e-03	6.047903236e-03	6.049340599e-03	-5.152474023e-07	-1.849684902e-06	-1.181525917e-06	-4.188465e-02	-6.605135e-02	-5.395382e-02
745502.7400	745503.3400	745502.7400	1792.0000	1792.0000	1792.0000	237.1708	236.7021	236.9364	416.3255	416.9337	416.6296	6.062258276e-03	6.060600417e-03	6.061429347e-03	-2.471400413e-07	-3.834447077e-07	-3.141065065e-07	-4.226583e-02	-6.716791e-02	-5.470161e-02
746502.7800	746503.3200	746502.7800	1792.0000	1792.0000	1792.0000	237.4960	236.9784	237.2372	412.2284	413.7689	412.9986	6.073426967e-03	6.069227584e-03	6.071327276e-03	-2.915502274e-07	-2.986995224e-06	-1.638402770e-06	-4.253519e-02	-6.885310e-02	-5.567790e-02
747502.7400	747503.2600	747502.7400	1792.0000	1792.0000	1792.0000	237.6404	237.4185	237.5294	407.7488	408.9578	408.3533	6.085638045e-03	6.082342332e-03	6.083990189e-03	7.073223240e-07	-1.102514971e-06	-1.968176632e-07	-4.232731e-02	-7.089773e-02	-5.659547e-02
748502.7000	748503.2200	748502.7000	1792.0000	1792.0000	1792.0000	237.1127	237.1508	237.1317	403.7494	404.2570	404.0032	6.096540294e-03	6.095156497e-03	6.095848396e-03	3.973664910e-07	4.811576373e-07	4.400617385e-07	-4.177499e-02	-7.120840e-02	-5.647386e-02
749502.7800	749503.1600	749502.7800	1792.0000	1792.0000	1792.0000	236.9967	237.0872	237.0419	399.2057	400.5822	399.8939	6.108926136e-03	6.105174078e-03	6.107050107e-03	1.569657842e-06	-7.315289725e-07	4.190989597e-07	-4.079140e-02	-7.133358e-02	-5.604424e-02
750502.7600	750503.1800	750502.7600	1792.0000	1792.0000	1792.0000	236.6802	237.0101	236.8452	395.2991	396.4699	395.8845	6.119575346e-03	6.116383930e-03	6.117979638e-03	1.006439021e-06	-7.528436875e-07	1.270778254e-07	-3.950338e-02	-7.207578e-02	-5.577116e-02
751502.7000	751503.2400	751502.7000	1792.0000	1792.0000	1792.0000	237.2897	236.8297	237.0597	392.1778	392.0879	392.1329	6.128083953e-03	6.128329002e-03	6.128206478e-03	-1.696934750e-06	-3.938674960e-08	-8.671857208e-07	-3.984860e-02	-7.247192e-02	-5.614119e-02
752502.6800	752503.2200	752502.6800	1792.0000	1792.0000	1792.0000	236.7756	237.6183	237.1970	387.9181	388.7183	388.3182	6.139695843e-03	6.137514537e-03	6.138605190e-03	-1.297474348e-06	-2.084568828e-06	-1.690025544e-06	-4.134578e-02	-7.353387e-02	-5.741977e-02
753502.6600	753503.1400	753502.6600	1792.0000	1792.0000	1792.0000	236.8885	237.7705	237.3295	383.4359	384.8843	384.1601	6.151914129e-03	6.147965873e-03	6.149940001e-03	-2.916173298e-07	-2.863276203e-06	-1.576766637e-06	-4.214031e-02	-7.600760e-02	-5.905313e-02
754502.6400	754503.2000	754502.6400	1792.0000	1792.0000	1792.0000	236.6641	236.5891	236.6266	379.0267	379.5651	379.2959	6.163933226e-03	6.162465794e-03	6.163199510e-03	5.150499119e-07	4.050286664e-07	4.611896710e-07	-4.202859e-02	-7.723680e-02	-5.961091e-02
755502.6600	755503.1200	755502.6600	1792.0000	1792.0000	1792.0000	236.8416	236.9394	236.8905	375.2784	376.1305	375.7044	6.174151042e-03	6.171828336e-03	6.172989689e-03	-4.800120979e-07	-1.462472450e-06	-9.706324239e-07	-4.201107e-02	-7.776547e-02	-5.986564e-02
756502.6400	756503.1600	756502.6400	1792.0000	1792.0000	1792.0000	236.4154	236.9683	236.6918	371.0528	371.4991	371.2760	6.185669875e-03	6.184453149e-03	6.185061512e-03	-1.736083530e-07	-6.905020069e-08	-1.203614838e-07	-4.233788e-02	-7.853127e-02	-6.041112e-02
757502.6600	757503.1400	757502.6600	1792.0000	1792.0000	1792.0000	235.6409	237.8307	236.7358	366.6738	367.3709	367.0224	6.197606629e-03	6.195706590e-03	6.196656610e-03	5.502685243e-07	-4.632626538e-08	2.527353191e-07	-4.214954e-02	-7.858895e-02	-6.034494e-02
758502.6800	758503.1800	758502.6800	1792.0000	1792.0000	1792.0000	236.5835	236.9798	236.7816	362.8164	363.2185	363.0175	6.208121856e-03	6.207025624e-03	6.207573740e-03	-1.473824894e-07	4.131718079e-08	-5.213513986e-08	-4.194810e-02	-7.859146e-02	-6.024463e-02
759502.6800	759503.2000	759502.6800	1792.0000	1792.0000	1792.0000	237.1262	237.0474	237.0868	358.5112	359.0629	358.7871	6.219857525e-03	6.218353607e-03	6.219105566e-03	3.756326425e-07	1.381341151e-07	2.579142176e-07	-4.183397e-02	-7.850173e-02	-6.014174e-02
760502.7000	760503.2200	760502.7000	1792.0000	1792.0000	1792.0000	236.8158	236.4275	236.6216	354.1018	354.8225	354.4621	6.231877398e-03	6.229912831e-03	6.230895114e-03	1.182628004e-06	4.661915119e-07	8.254616120e-07	-4.105483e-02	-7.819956e-02	-5.960005e-02
761502.7400	761503.2000	761502.7400	1792.0000	1792.0000	1792.0000	237.1404	237.3169	237.2286	349.9473	349.0467	349.4970	6.243202369e-03	6.245657300e-03	6.244429834e-03	1.294497441e-06	4.979942981e-06	3.137956152e-06	-3.981621e-02	-7.547655e-02	-5.761826e-02
762502.7800	762503.1600	762502.7800	1792.0000	1792.0000	1792.0000	236.9548	237.3490	237.1519	345.8448	346.4151	346.1299	6.254385583e-03	6.252830860e-03	6.253608221e-03	1.264608775e-06	9.230111235e-07	1.094117669e-06	-3.853661e-02	-7.252519e-02	-5.550214e-02
763502.7200	763503.1000	763502.7200	1792.0000	1792.0000	1792.0000	236.7364	237.0608	236.8986	341.6913	342.6603	342.1758	6.265707669e-03	6.263066157e-03	6.264386913e-03	1.374714078e-06	-7.196042691e-08	6.517055593e-07	-3.721703e-02	-7.209969e-02	-5.462928e-02
764502.7400	764503.1200	764502.7400	1792.0000	1792.0000	1792.0000	237.4731	236.9861	237.2296	337.8287	337.6969	337.7628	6.276236862e-03	6.276596229e-03	6.276416545e-03	6.910296165e-07	2.226945518e-06	1.459337317e-06	-3.618413e-02	-7.102218e-02	-5.357373e-02
765502.7600	765503.0800	765502.7600	1792.0000	1792.0000	1792.0000	237.0922	236.7888	236.9405	333.7650	333.3631	333.5641	6.287314295e-03	6.288409726e-03	6.287862011e-03	5.555852935e-07	2.809950477e-06	1.682801721e-06	-3.556081e-02	-6.850383e-02	-5.200263e-02
766502.8400	766503.0800	766502.8400	1792.0000	1792.0000	1792.0000	236.6505	236.9675	236.8090	329.5165	329.1039	329.3102	6.298895487e-03	6.300020090e-03	6.299457788e-03	9.232266585e-07	3.189372172e-06	2.055905031e-06	-3.482135e-02	-6.550417e-02	-5.013313e-02
767502.8800	767503.0600	767502.8800	1792.0000	1792.0000	1792.0000	236.6256	236.5525	236.5890	325.4083	325.8728	325.6405	6.310094094e-03	6.308827983e-03	6.309461039e-03	9.087313082e-07	7.665487744e-07	8.369297442e-07	-3.390533e-02	-6.352625e-02	-4.868665e-02
768502.9600	768503.0000	768502.9600	1792.0200	1792.0000	1792.0100	236.4456	236.6610	236.5533	320.2607	321.3570	320.8089	6.324126002e-03	6.321137626e-03	6.322631814e-03	3.727088669e-06	1.845924057e-06	2.785030917e-06	-3.158724e-02	-6.222009e-02	-4.687553e-02
769503.0600	769503.1000	769503.0600	1792.0000	1792.0000	1792.0000	237.1067	236.4910	236.7988	316.6130	317.3344	316.9737	6.334069472e-03	6.332103050e-03	6.333086261e-03	2.456784433e-06	1.579283032e-06	2.016579303e-06	-2.849499e-02	-6.050731e-02	-4.447448e-02
770503.1030	770503.0800	770503.1030	1792.0000	1792.0000	1792.0000	237.5094	236.0869	236.7981	313.5018	313.5289	313.5153	6.342550505e-03	6.342476639e-03	6.342513572e-03	-2.753193661e-07	7.221548175e-07	2.216302744e-07	-2.740421e-02	-5.935662e-02	-4.335533e-02
771503.1000	771503.0600	771503.1000	1792.0000	1792.0000	1792.0000	237.7577	236.5718	237.1648	309.7590	309.0975	309.4282	6.352753072e-03	6.354556173e-03	6.353654623e-03	-1.285371597e-06	1.570972065e-06	1.409385979e-07	-2.818456e-02	-5.821008e-02	-4.317405e-02
772503.1600	772503.0600	772503.1600	1792.0000	1792.0000	1792.0000	236.8025	236.0098	236.4061	305.6288	305.3366	305.4827	6.364011562e-03	6.364808221e-03	6.364409891e-03	-1.240208020e-06	5.920785225e-07	-3.262422970e-07	-2.944742e-02	-5.712855e-02	-4.326670e-02
773503.1800	773503.0600	773503.1800	1792.0000	1792.0000	1792.0000	237.0467	235.4072	236.2269	300.9631	300.5310	300.7471	6.376729904e-03	6.377907816e-03	6.377318860e-03	2.652563007e-07	2.460731061e-06	1.360724839e-06	-2.993491e-02	-5.560215e-02	-4.274945e-02
774503.1200	774503.0600	774503.1200	1792.0000	1792.0000	1792.0000	237.6433	236.2643	236.9538	296.0929	297.0913	296.5921	6.390005681e-03	6.387284162e-03	6.388644921e-03	2.329052836e-06	6.061354391e-07	1.465683238e-06	-2.863783e-02	-5.406871e-02	-4.133633e-02
775503.0600	775503.1000	775503.0600	1792.0000	1792.0000	1792.0000	237.3107	235.1751	236.2429	292.1821	293.0632	292.6226	6.400666360e-03	6.398264545e-03	6.399465452e-03	1.777751394e-06	3.551274143e-07	1.065111065e-06	-2.658455e-02	-5.358806e-02	-4.007101e-02
776503.0200	776503.1000	776503.0200	1792.0000	1792.0000	1792.0000	236.6506	236.3223	236.4864	288.0977	289.0014	288.5496	6.411800083e-03	6.409336540e-03	6.410568311e-03	1.699269309e-06	1.961807502e-07	9.466423234e-07	-2.484611e-02	-5.331241e-02	-3.906518e-02
777502.9400	777503.1000	777502.9400	1792.0000	1792.0000	1792.0000	236.9438	236.2463	236.5950	284.0302	285.2233	284.6268	6.422887608e-03	6.419635323e-03	6.421261465e-03	1.575037352e-06	-7.359774855e-07	4.189174777e-07	-2.320909e-02	-5.358231e-02	-3.838245e-02
778502.9600	778503.1200	778502.9600	1792.0000	1792.0000	1792.0000	236.4628	236.5662	236.5145	280.1874	280.9009	280.5441	6.433363015e-03	6.431417987e-03	6.432390501e-03	8.375664285e-07	-1.844802399e-07	3.259516542e-07	-2.200276e-02	-5.404255e-02	-3.801001e-02
779502.9800	779503.1600	779502.9800	1792.0000	1792.0000	1792.0000	236.7486	237.5966	237.1726	276.1318	276.3515	276.2416	6.444418210e-03	6.443819299e-03	6.444118755e-03	6.798844157e-07	9.854414736e-07	8.322048294e-07	-2.124402e-02	-5.364205e-02	-3.743092e-02
780502.9800	780503.1800	780502.9800	1792.0000	1791.9800	1791.9900	236.3500	237.7413	237.0456	270.7829	271.4626	271.1227	6.458998668e-03	6.457146086e-03	6.458072377e-03	4.047689041e-06	3.081061687e-06	3.564050573e-06	-1.888024e-02	-5.160876e-02	-3.523279e-02
781502.9800	781503.1600	781502.9800	1792.0000	1792.0000	1792.0000	237.4465	237.6897	237.5681	267.2976	267.0710	267.1843	6.468499254e-03	6.469117034e-03	6.468808144e-03	2.335621020e-06	3.821292810e-06	3.078040830e-06	-1.568858e-02	-4.815765e-02	-3.191175e-02
782502.9600	782503.1600	782502.9600	1792.0000	1792.0000	1792.0000	236.3962	237.1757	236.7860	263.4943	264.4350	263.9647	6.478866817e-03	6.476302567e-03	6.477584692e-03	1.490754930e-06	-2.241160355e-07	6.330366858e-07	-1.377543e-02	-4.635906e-02	-3.005624e-02
783502.9600	783503.1600	783502.9600	1792.0000	1792.0000	1792.0000	236.5655	236.1611	236.3633	259.4837	259.9413	259.7125	6.489799348e-03	6.488551935e-03	6.489175641e-03	1.210632175e-06	7.943105308e-07	1.002209607e-06	-1.242474e-02	-4.607396e-02	-2.923862e-02
784502.9400	784503.1400	784502.9400	1792.0000	1792.0000	1792.0000	236.6857	236.8058	236.7458	255.2558	255.7905	255.5231	6.501324284e-03	6.499866689e-03	6.500595486e-03	1.523139118e-06	8.783469878e-07	1.200502321e-06	-1.105788e-02	-4.523765e-02	-2.813729e-02
785502.9200	785503.1200	785502.9200	1792.0000	1792.0000	1792.0000	236.9602	236.8411	236.9006	251.8927	251.8071	251.8499	6.510491826e-03	6.510725090e-03	6.510608458e-03	-5.217479057e-07	5.060309769e-07	-8.078181561e-09	-1.055719e-02	-4.454548e-02	-2.754109e-02
786502.8800	786503.1800	786502.8800	1792.0000	1792.0000	1792.0000	236.5384	236.5654	236.5519	247.6971	247.3021	247.4996	6.521928642e-03	6.523005309e-03	6.522466975e-03	-2.971368038e-07	1.554634440e-06	6.291116621e-07	-1.096662e-02	-4.351508e-02	-2.723058e-02
787502.8800	787503.1800	787502.8800	1792.0000	1792.0000	1792.0000	236.7471	235.9923	236.3697	243.2375	243.0416	243.1396	6.534084922e-03	6.534618934e-03	6.534351928e-03	6.464889738e-07	1.937317848e-06	1.292287270e-06	-1.079194e-02	-4.176911e-02	-2.626988e-02
788502.8200	788503.1400	788502.8200	1792.0000	1792.0000	1792.0000	236.0296	236.8633	236.4464	238.9076	238.3096	238.6086	6.545887910e-03	6.547517867e-03	6.546702888e-03	1.237496673e-06	3.605758599e-06	2.422144818e-06	-9.850007e-03	-3.899768e-02	-2.441278e-02
789502.8600	789503.0400	789502.8600	1792.0000	1792.0000	1792.0000	236.2733	237.2417	236.7575	235.5861	234.2696	234.9278	6.554941982e-03	6.558530681e-03	6.556736331e-03	-9.215338584e-07	3.388754136e-06	1.233362171e-06	-9.692019e-03	-3.550077e-02	-2.258495e-02
790502.8800	790503.1000	790502.8800	1792.0200	1792.0000	1792.0100	236.7723	236.8771	236.8247	231.2252	230.4068	230.8160	6.566829292e-03	6.569060195e-03	6.567944743e-03	-2.471013196e-07	2.686652336e-06	1.219773174e-06	-1.027635e-02	-3.246289e-02	-2.135836e-02
791503.0400	791503.1000	791503.0400	1792.0000	1792.0000	1792.0000	236.5216	236.7423	236.6320	226.8688	226.0497	226.4593	6.578704300e-03	6.580937260e-03	6.579820780e-03	4.134592555e-07	3.332776036e-06	1.872237855e-06	-1.019316e-02	-2.945317e-02	-1.981211e-02
792503.0400	792503.1000	792503.0400	1792.0000	1792.0000	1792.0000	235.9978	237.0796	236.5387	222.4098	222.3323	222.3711	6.590859131e-03	6.591070480e-03	6.590964805e-03	1.355636995e-06	2.235053879e-06	1.794486661e-06	-9.308608e-03	-2.666926e-02	-1.797874e-02
793503.0600	793503.1000	793503.0600	1792.0000	1792.0000	1792.0000	236.0424	236.5190	236.2807	218.6500	218.7793	218.7147	6.601107967e-03	6.600755513e-03	6.600931740e-03	3.915946908e-07	6.891457767e-07	5.394201641e-07	-8.434975e-03	-2.520716e-02	-1.681177e-02
794503.0600	794503.0400	794503.0600	1792.0000	1792.0000	1792.0000	235.9213	236.0195	235.9704	214.8388	214.3493	214.5941	6.611496784e-03	6.612831339e-03	6.612164062e-03	-4.322418318e-07	1.534704264e-06	5.499652330e-07	-8.455298e-03	-2.409530e-02	-1.626708e-02
795503.0200	795503.1200	795503.0200	1792.0000	1792.0000	1792.0000	236.3972	236.0272	236.2122	210.2046	210.1722	210.1884	6.624129371e-03	6.624217515e-03	6.624173443e-03	9.881406653e-07	1.689039431e-06	1.338018936e-06	-8.177360e-03	-2.248330e-02	-1.532312e-02
796503.0600	796503.1000	796503.0600	1792.0000	1792.0000	1792.0000	236.0043	236.1043	236.0543	206.5930	205.1942	205.8936	6.633973998e-03	6.637787101e-03	6.635880549e-03	-3.803347458e-07	4.027908374e-06	1.822899789e-06	-7.873445e-03	-1.962488e-02	-1.374260e-02
797503.0800	797503.0400	797503.0800	1792.0000	1792.0000	1792.0000	235.9793	236.7520	236.3656	202.4062	200.5773	201.4918	6.645386724e-03	6.650372223e-03	6.647879473e-03	-1.804866653e-07	5.382762870e-06	2.599822855e-06	-8.153861e-03	-1.491983e-02	-1.153119e-02
798503.0600	798503.0400	798503.0600	1792.0000	1792.0000	1792.0000	236.1889	237.1596	236.6742	198.1045	197.7838	197.9441	6.657112813e-03	6.657986995e-03	6.657549904e-03	3.331732292e-07	1.766592910e-06	1.048701146e-06	-8.077519e-03	-1.134515e-02	-9.706967e-03
799503.0400	799503.0800	799503.0400	1792.0000	1792.0000	1792.0000	236.2460	236.7773	236.5116	193.2616	193.3242	193.2929	6.670313944e-03	6.670143305e-03	6.670228625e-03	2.321875409e-06	2.691512200e-06	2.505869824e-06	-6.750022e-03	-9.116008e-03	-7.929717e-03
800503.0400	800503.1000	800503.0400	1792.0000	1792.0000	1792.0000	236.7001	236.8824	236.7913	189.0307	189.7621	189.3964	6.681846885e-03	6.679853141e-03	6.680850013e-03	2.642162218e-06	1.170182269e-06	1.905481588e-06	-4.268003e-03	-7.185122e-03	-5.724042e-03
801503.0200	801503.1400	801503.0200	1792.0000	1792.0000	1792.0000	236.0382	235.5719	235.8051	185.2977	185.4683	185.3830	6.692022487e-03	6.691557456e-03	6.691789971e-03	1.605335845e-06	1.643105409e-06	1.623887914e-06	-2.144296e-03	-5.778422e-03	-3.959392e-03
802503.0200	802503.1200	802503.0200	1792.0000	1792.0000	1792.0000	235.9641	235.5256	235.7448	181.6102	181.0605	181.3354	6.702074245e-03	6.703572637e-03	6.702823441e-03	4.444398747e-07	2.427570305e-06	1.435581082e-06	-1.119408e-03	-3.743125e-03	-2.429658e-03
803503.0400	803503.0800	803503.0400	1792.0000	1792.0000	1792.0000	236.2810	236.2614	236.2712	177.1137	176.9179	177.0158	6.714331033e-03	6.714864763e-03	6.714597898e-03	1.488349708e-06	2.489203602e-06	1.988036734e-06	-1.529943e-04	-1.284836e-03	-7.178144e-04
